SVM (Linear);;;;;;;;;;;;;;;;;;;;;;;;;;;;;;;;;;;;;;;;;;;;;;;;;;;;;;;;;;;;;;;;;;;;;;;;;;;;;;;;;;;;;;;;;;;;;;;;;;;;;;;
 ;;;;;;;;;;;;;;;;;;;;;;;;;;;;;;;;;;;;;;;;;;;;;;;;;;;;;;;;;;;;;;;;;;;;;;;;;;;;;;;;;;;;;;;;;;;;;;;;;;;;;;;
;;;;;;;;;;;;x1;x2;x3;;;;;;;;;;;;;;;;;;;;;;;;;;;;;;;;;;;;;;;;;;;;;;;;;;;;;;;;;;;;;;;;;;;;;;;;;;;;;;;;;;;;;;;;;
;;;;;;;;;;;;2;1;1;;;In an SVM, a kernel is a function that transforms data into a higher-dimensional space to make it easier to separate with a hyperplane.;;;;;;;;;;;;;;;;;;;;;;;;;;;;;;;;;;;;;;;;;;;;;;;;;;;;;;;;;;;;;;;;;;;;;;;;;;;;;;;;;;;;;;
;;;;;;;;;;;;4;1;-2;;;;;;;;;;;;;;;;;;;;;;;;;;;;;;;;;;;;;;;;;;;;;;;;;;;;;;;;;;;;;;;;;;;;;;;;;;;;;;;;;;;;;;;;;
;;;;;;Linear Kernel;;;;;;3;1;-1;;;;;;;;;;;;;;;;;;;;;;;;;;;;;;;;;;;;;;;;;;;;;;;;;;;;;;;;;;;;;;;;;;;;;;;;;;;;;;;;;;;;;;;;;
;;;;;;;;;;;K(x', x) = x' ?  x;;;;;;;;;;;;;;;;;;;;;;;;;;;;;;;;;;;;;;;;;;;;;;;;;;;;;;;;;;;;;;;;;;;;;;;;;;;;;;;;;;;;;;;;;;;;
;;;;;;x1';1;2;1;;;13;4;-4;;;;;;;;;;;;;;;;;;;;;;;;;;;;;;;;;;;;;;;;;;;;;;;;;;;;;;;;;;;;;;;;;;;;;;;;;;;;;;;;;;;;;;;;;
;;;;;;x2';0;4;3;;;25;7;-11;;;;;;;;;;;;;;;;;;;;;;;;;;;;;;;;;;;;;;;;;;;;;;;;;;;;;;;;;;;;;;;;;;;;;;;;;;;;;;;;;;;;;;;;;
;;;;;;x3';0;3;0;;;12;3;-6;;;;;;;;;;;;;;;;;;;;;;;;;;;;;;;;;;;;;;;;;;;;;;;;;;;;;;;;;;;;;;;;;;;;;;;;;;;;;;;;;;;;;;;;;
;;;;;;x4';0;3;1;;;15;4;-7;;;;;;;;;;;;;;;;;;;;;;;;;;;;;;;;;;;;;;;;;;;;;;;;;;;;;;;;;;;;;;;;;;;;;;;;;;;;;;;;;;;;;;;;;
;;;;;;x5';5;0;3;;;19;8;2;;;;;;;;;;;;;;;;;;;;;;;;;;;;;;;;;;;;;;;;;;;;;;;;;;;;;;;;;;;;;;;;;;;;;;;;;;;;;;;;;;;;;;;;;
;;;;;;x6';1;-2;3;;;3;2;2;;;;;;;;;;;;;;;;;;;;;;;;;;;;;;;;;;;;;;;;;;;;;;;;;;;;;;;;;;;;;;;;;;;;;;;;;;;;;;;;;;;;;;;;;
;;;;;;;;;;;y'K;;;;;;;;;;;;;;;;;;;;;;;;;;;;;;;;;;;;;;;;;;;;;;;;;;;;;;;;;;;;;;;;;;;;;;;;;;;;;;;;;;;;;;;;;;;;
;;;;;;;;y1';1;;;13;4;-4;;;;;;;;;;;;;;;;;;;;;;;;;;;;;;;;;;;;;;;;;;;;;;;;;;;;;;;;;;;;;;;;;;;;;;;;;;;;;;;;;;;;;;;;;
;;;;;;;;y2';-1;;;-25;-7;11;;;;;;;;;;;;;;;;;;;;;;;;;;;;;;;;;;;;;;;;;;;;;;;;;;;;;;;;;;;;;;;;;;;;;;;;;;;;;;;;;;;;;;;;;
;;;;;;;;y3';1;;;12;3;-6;;;;;;;;;;;;;;;;;;;;;;;;;;;;;;;;;;;;;;;;;;;;;;;;;;;;;;;;;;;;;;;;;;;;;;;;;;;;;;;;;;;;;;;;;
;;;;;;;;y4';-1;;;-15;-4;7;;;;;;;;;;;;;;;;;;;;;;;;;;;;;;;;;;;;;;;;;;;;;;;;;;;;;;;;;;;;;;;;;;;;;;;;;;;;;;;;;;;;;;;;;
;;;;;;;;y5';1;;;19;8;2;;;;;;;;;;;;;;;;;;;;;;;;;;;;;;;;;;;;;;;;;;;;;;;;;;;;;;;;;;;;;;;;;;;;;;;;;;;;;;;;;;;;;;;;;
;;;;;;;;y6';-1;;;-3;-2;-2;;;;;;;;;;;;;;;;;;;;;;;;;;;;;;;;;;;;;;;;;;;;;;;;;;;;;;;;;;;;;;;;;;;;;;;;;;;;;;;;;;;;;;;;;
;;;Lagrange Multipliers;;;;;;;;;1;1;1;;;;;;;;;;;;;;;;;;;;;;;;;;;;;;;;;;;;;;;;;;;;;;;;;;;;;;;;;;;;;;;;;;;;;;;;;;;;;;;;;;;;;;;;;
;;;a1;a2;a3;a4;a5;a6;b;;ay'K+b;;;;;;;;;;;;;;;;;;;;;;;;;;;;;;;;;;;;;;;;;;;;;;;;;;;;;;;;;;;;;;;;;;;;;;;;;;;;;;;;;;;;;;;;;;;;
;;;2;0;1;1;0;1;2;;;22;7;-7;;;;;;;;;;;;;;;;;;;;;;;;;;;;;;;;;;;;;;;;;;;;;;;;;;;;;;;;;;;;;;;;;;;;;;;;;;;;;;;;;;;;;;;;;
;;;;;;;;;;;SIGN;;;;;;;;;;;;;;;;;;;;;;;;;;;;;;;;;;;;;;;;;;;;;;;;;;;;;;;;;;;;;;;;;;;;;;;;;;;;;;;;;;;;;;;;;;;;
;;;Regularization Parameter;;;;;;;;;1;1;-1;;;;;;;;;;;;;;;;;;;;;;;;;;;;;;;;;;;;;;;;;;;;;;;;;;;;;;;;;;;;;;;;;;;;;;;;;;;;;;;;;;;;;;;;;
;;;0 <= a  <=  C;;;;;;;;;y1;y2;y3;;;;;;;;;;;;;;;;;;;;;;;;;;;;;;;;;;;;;;;;;;;;;;;;;;;;;;;;;;;;;;;;;;;;;;;;;;;;;;;;;;;;;;;;;
;;;;;;;;;;;;;;;;;;;;;;;;;;;;;;;;;;;;;;;;;;;;;;;;;;;;;;;;;;;;;;;;;;;;;;;;;;;;;;;;;;;;;;;;;;;;;;;;;;;;;;;
;;;;;;;;;;;;;;;;;;;;;;;;;;;;;;;;;;;;;;;;;;;;;;;;;;;;;;;;;;;;;;;;;;;;;;;;;;;;;;;;;;;;;;;;;;;;;;;;;;;;;;;
Visualize (Linear);;;;;;;;;;;;;;;;;;;;;;;;;;;;;;;;;;;;;;;;;;;;;;;;;;;;;;;;;;;;;;;;;;;;;;;;;;;;;;;;;;;;;;;;;;;;;;;;;;;;;;;
;;;;;;;;;;;;;;;;;;;;;;;;;;;;;;;;;;;;;;;;;;;;;;;;;;;;;;;;;;;;;;;;;;;;;;;;;;;;;;;;;;;;;;;;;;;;;;;;;;;;;;;
;;;;;;;;;;;X';x1';x2';;;;;;;;;;;;;;;;;;;;;;;;;;;;;;;;;;;;;;;;;;;;;;;;;;;;;;;;;;;;;;;;;;;;;;;;;;;;;;;;;;;;;;;;;;
;;;;;;;;;;;h;2;1;;;;;;;;;;;;;;;;;;;;;;;;;;;;;;;;;;;;;;;;;;;;;;;;;;;;;;;;;;;;;;;;;;;;;;;;;;;;;;;;;;;;;;;;;;
;;;;;;;;;;;v;4;1;;;;;;;;;;;;;;;;;;;;;;;;;;;;;;;;;;;;;;;;;;;;;;;;;;;;;;;;;;;;;;;;;;;;;;;;;;;;;;;;;;;;;;;;;;
;;;;;;;;;;;;;;;;;;;;;;;H;;;;;;;;;;;;;;V;;;;;;;;;;;;;;;;;;;;;;;;;;;;;;;;;;;;;;;;;;;;;;;;;;;;;;;;;;;;;;;;;;
;;;;;;;;;;;;;;;;;;;;;;5;-5;-4;-3;-2;-1;0;1;2;3;4;5;;;5;5;5;5;5;5;5;5;5;5;5;5;;;;;;;;;;;;;;;;;;;;;;;;;;;;;;;;;;;;;;;;;;;;;;;;;;;;;;;;
;;;;;;;;;;;;;;;;;;;;;;4;-5;-4;-3;-2;-1;0;1;2;3;4;5;;;4;4;4;4;4;4;4;4;4;4;4;4;;;;;;;;;;;;;;;;;;;;;;;;;;;;;;;;;;;;;;;;;;;;;;;;;;;;;;;;
;;;;;;;;;;;;;;;;;;;;;;3;-5;-4;-3;-2;-1;0;1;2;3;4;5;;;3;3;3;3;3;3;3;3;3;3;3;3;;;;;;;;;;;;;;;;;;;;;;;;;;;;;;;;;;;;;;;;;;;;;;;;;;;;;;;;
;;;;;;;;;;;;;;;;;;;;;;2;-5;-4;-3;-2;-1;0;1;2;3;4;5;;;2;2;2;2;2;2;2;2;2;2;2;2;;;;;;;;;;;;;;;;;;;;;;;;;;;;;;;;;;;;;;;;;;;;;;;;;;;;;;;;
;;;;;;;;;;;;;;;;;;;;;;1;-5;-4;-3;-2;-1;0;1;2;3;4;5;;;1;1;1;1;1;1;1;1;1;1;1;1;;;;;;;;;;;;;;;;;;;;;;;;;;;;;;;;;;;;;;;;;;;;;;;;;;;;;;;;
;;;;;;;;;;;;;;;;;;;;;v;0;-5;-4;-3;-2;-1;0;1;2;3;4;5;;v;0;0;0;0;0;0;0;0;0;0;0;0;;;;;;;;;;;;;;;;;;;;;;;;;;;;;;;;;;;;;;;;;;;;;;;;;;;;;;;;
;;;;;;;;;;;;;;;;;;;;;;-1;-5;-4;-3;-2;-1;0;1;2;3;4;5;;;-1;-1;-1;-1;-1;-1;-1;-1;-1;-1;-1;-1;;;;;;;;;;;;;;;;;;;;;;;;;;;;;;;;;;;;;;;;;;;;;;;;;;;;;;;;
;;;;;;;;;;;;;;;;;;;;;;-2;-5;-4;-3;-2;-1;0;1;2;3;4;5;;;-2;-2;-2;-2;-2;-2;-2;-2;-2;-2;-2;-2;;;;;;;;;;;;;;;;;;;;;;;;;;;;;;;;;;;;;;;;;;;;;;;;;;;;;;;;
;;;;;;;;;;;;;;;;;;;;;;-3;-5;-4;-3;-2;-1;0;1;2;3;4;5;;;-3;-3;-3;-3;-3;-3;-3;-3;-3;-3;-3;-3;;;;;;;;;;;;;;;;;;;;;;;;;;;;;;;;;;;;;;;;;;;;;;;;;;;;;;;;
;;;;;;;;;;;;;;;;;;;;;;-4;-5;-4;-3;-2;-1;0;1;2;3;4;5;;;-4;-4;-4;-4;-4;-4;-4;-4;-4;-4;-4;-4;;;;;;;;;;;;;;;;;;;;;;;;;;;;;;;;;;;;;;;;;;;;;;;;;;;;;;;;
;;;;;;;;;;;;;;;;;;;;;;-5;-5;-4;-3;-2;-1;0;1;2;3;4;5;;;-5;-5;-5;-5;-5;-5;-5;-5;-5;-5;-5;-5;;;;;;;;;;;;;;;;;;;;;;;;;;;;;;;;;;;;;;;;;;;;;;;;;;;;;;;;
;;;;;;;;;;;;;;;;;;;;;;;-5;-4;-3;-2;-1;0;1;2;3;4;5;;;;-5;-4;-3;-2;-1;0;1;2;3;4;5;;;;;;;;;;;;;;;;;;;;;;;;;;;;;;;;;;;;;;;;;;;;;;;;;;;;;;;;
;;;;;;;;;;;;;;;;;;;;;;;;;;;;h;;;;;;;;;;;;;;h;;;;;;;;;;;;;;;;;;;;;;;;;;;;;;;;;;;;;;;;;;;;;;;;;;;;;;;;;;;;;
;;;;;;;;;;;;;;;;;;;;;;;;;;;;;;;;;;;;;;;;;;;;;;;;;;;;;;;;;;;;;;;;;;;;;;;;;;;;;;;;;;;;;;;;;;;;;;;;;;;;;;;
;;;;;;;;;;;;;;;;;;;;;;;;;;;;;;;;;;;;;;;;;;;;;;;;;;;;;;;;;;;;;;;;;;;;;;;;;;;;;;;;;;;;;;;;;;;;;;;;;;;;;;;
;;;;;;;;;;;;;;;;;;;;;;;;;;;;;;;;;;;;;;;;;;;;;;;;;;;;;;;;;;;;;;;;;;;;;;;;;;;;;;;;;;;;;;;;;;;;;;;;;;;;;;;
;;;;;;;;;;;;;;;;;;;;;;;;;;;;;;;;;;;;;;;;;;;;;;;;;;;;;;;;;;;;;;;;;;;;;;;;;;;;;;;;;;;;;;;;;;;;;;;;;;;;;;;
;;;;;;;X;h';v';;K(x, x');;;;;;;;;;;;;;;;;;;;;;;;;;;;;;;;;;;;;;;;;;;;;;;;;;;;;;;;;;;;;;;;;;;;;;;;;;;;;;;;;;;;;;;;;;;;
;;;;;;;x1';1;3;;;14;4;;;;;;;;;;;;;;;;;;;;;;;;;;;;;;;;;;;;;;;;;;;;;;;;;;;;;;;;;;;;;;;;;;;;;;;;;;;;;;;;;;;;;;;;;;
;;;;;;;x2';2;2;;;12;4;;;;;;;;;;;;;;;;;;;;;;;;;;;;;;;;;;;;;;;;;;;;;;;;;;;;;;;;;;;;;;;;;;;;;;;;;;;;;;;;;;;;;;;;;;
;;;;;;;x3';1;4;;;18;5;;;;;;;;;;;;;;;;;;;;;;;;;;;;;;;;;;;;;;;;;;;;;;;;;;;;;;;;;;;;;;;;;;;;;;;;;;;;;;;;;;;;;;;;;;
;;;;;;;x4';1;-1;;;-2;0;;;;;;;;;;;;;;;;;;;;;;;;;;;;;;;;;;;;;;;;;;;;;;;;;;;;;;;;;;;;;;;;;;;;;;;;;;;;;;;;;;;;;;;;;;
;;;;;;;x5';-2;-3;;;-16;-5;;;;;;;;;;;;;;;;;;;;;;;;;;;;;;;;;;;;;;;;;;;;;;;;;;;;;;;;;;;;;;;;;;;;;;;;;;;;;;;;;;;;;;;;;;
;;;;;;;x6';-3;2;;;2;-1;;;;;;;;;;h';v';;;;;;;;;;;;;h';v';;;;;;;;;;;;;h';v';;;;;;;;;;;;;h';v';;;;;;;;;;;;;h';v';;;;;;;;;;;;;h';v';;;;;;;;;
;;;;;;;;;;;;;;;;;;;;;;x1;1;3;;;;;;;;;;;;x2;2;2;;;;;;;;;;;;x3;1;4;;;;;;;;;;;;x4;1;-1;;;;;;;;;;;;x5;-2;-3;;;;;;;;;;;;x6;-3;2;;;;;;;;;
;;;;;;;;;;;;;;;;;;;;;;;K(x1,x');;;;;;;;;;;;;;K(x2,x');;;;;;;;;;;;;;K(x3,x');;;;;;;;;;;;;;K(x4,x');;;;;;;;;;;;;;K(x5,x');;;;;;;;;;;;;;K(x6,x');;;;;;;;;;
;;;;;;;;;;;;;;;;;;;;;;5;10;11;9;13;14;15;16;17;18;19;20;;;5;0;2;2;6;8;10;12;14;16;18;20;;;5;15;16;13;18;19;20;21;22;23;24;25;;;5;-10;-9;-7;-7;-6;-5;-4;-3;-2;-1;0;;;5;-5;-7;-6;-11;-13;-15;-17;-19;-21;-23;-25;;;5;25;22;17;16;13;10;7;4;1;-2;-5
;;;;;;;;;;;;;;;;;;;;;;4;7;8;6;10;11;12;13;14;15;16;17;;;4;-2;0;0;4;6;8;10;12;14;16;18;;;4;11;12;9;14;15;16;17;18;19;20;21;;;4;-9;-8;-6;-6;-5;-4;-3;-2;-1;0;1;;;4;-2;-4;-3;-8;-10;-12;-14;-16;-18;-20;-22;;;4;23;20;15;14;11;8;5;2;-1;-4;-7
;;;;;;;;;;;;;;;;;;;;;;3;4;5;3;7;8;9;10;11;12;13;14;;;3;-4;-2;-2;2;4;6;8;10;12;14;16;;;3;7;8;5;10;11;12;13;14;15;16;17;;;3;-8;-7;-5;-5;-4;-3;-2;-1;0;1;2;;;3;1;-1;0;-5;-7;-9;-11;-13;-15;-17;-19;;;3;21;18;13;12;9;6;3;0;-3;-6;-9
;;;;                ;;;;;;;;;;;;;;;;;;2;1;2;0;4;5;6;7;8;9;10;11;;;2;-6;-4;-4;0;2;4;6;8;10;12;14;;;2;3;4;1;6;7;8;9;10;11;12;13;;;2;-7;-6;-4;-4;-3;-2;-1;0;1;2;3;;;2;4;2;3;-2;-4;-6;-8;-10;-12;-14;-16;;;2;19;16;11;10;7;4;1;-2;-5;-8;-11
;;;;;;;;;;;;;;;;;;;;;;1;-2;-1;-3;1;2;3;4;5;6;7;8;;;1;-8;-6;-6;-2;0;2;4;6;8;10;12;;;1;-1;0;-3;2;3;4;5;6;7;8;9;;;1;-6;-5;-3;-3;-2;-1;0;1;2;3;4;;;1;7;5;6;1;-1;-3;-5;-7;-9;-11;-13;;;1;17;14;9;8;5;2;-1;-4;-7;-10;-13
;;;;;;;;;;;;;;;;;;;;;v;0;-5;-4;-6;-2;-1;0;1;2;3;4;5;;v;0;-10;-8;-8;-4;-2;0;2;4;6;8;10;;v;0;-5;-4;-7;-2;-1;0;1;2;3;4;5;;v;0;-5;-4;-2;-2;-1;0;1;2;3;4;5;;v;0;10;8;9;4;2;0;-2;-4;-6;-8;-10;;v;0;15;12;7;6;3;0;-3;-6;-9;-12;-15
;;;;;;;;;;;;;;;;;;;;;;-1;-8;-7;-9;-5;-4;-3;-2;-1;0;1;2;;;-1;-12;-10;-10;-6;-4;-2;0;2;4;6;8;;;-1;-9;-8;-11;-6;-5;-4;-3;-2;-1;0;1;;;-1;-4;-3;-1;-1;0;1;2;3;4;5;6;;;-1;13;11;12;7;5;3;1;-1;-3;-5;-7;;;-1;13;10;5;4;1;-2;-5;-8;-11;-14;-17
;;;;;;;;;;;;;;;;;;;;;;-2;-11;-10;-12;-8;-7;-6;-5;-4;-3;-2;-1;;;-2;-14;-12;-12;-8;-6;-4;-2;0;2;4;6;;;-2;-13;-12;-15;-10;-9;-8;-7;-6;-5;-4;-3;;;-2;-3;-2;0;0;1;2;3;4;5;6;7;;;-2;16;14;15;10;8;6;4;2;0;-2;-4;;;-2;11;8;3;2;-1;-4;-7;-10;-13;-16;-19
;;;;;;;;;;;;;;;;;;;;;;-3;-14;-13;-15;-11;-10;-9;-8;-7;-6;-5;-4;;;-3;-16;-14;-14;-10;-8;-6;-4;-2;0;2;4;;;-3;-17;-16;-19;-14;-13;-12;-11;-10;-9;-8;-7;;;-3;-2;-1;1;1;2;3;4;5;6;7;8;;;-3;19;17;18;13;11;9;7;5;3;1;-1;;;-3;9;6;1;0;-3;-6;-9;-12;-15;-18;-21
;;;;;;;;;;;;;;;;;;;;;;-4;-17;-16;-18;-14;-13;-12;-11;-10;-9;-8;-7;;;-4;-18;-16;-16;-12;-10;-8;-6;-4;-2;0;2;;;-4;-21;-20;-23;-18;-17;-16;-15;-14;-13;-12;-11;;;-4;-1;0;2;2;3;4;5;6;7;8;9;;;-4;22;20;21;16;14;12;10;8;6;4;2;;;-4;7;4;-1;-2;-5;-8;-11;-14;-17;-20;-23
;;;;;;;;;;;;;;;;;;;;;;-5;-20;-19;-3;-17;-16;-15;-14;-13;-12;-11;-10;;;-5;-20;-18;-6;-14;-12;-10;-8;-6;-4;-2;0;;;-5;-25;-24;-3;-22;-21;-20;-19;-18;-17;-16;-15;;;-5;0;1;-3;3;4;5;6;7;8;9;10;;;-5;25;23;6;19;17;15;13;11;9;7;5;;;-5;5;2;9;-4;-7;-10;-13;-16;-19;-22;-25
;;;;;;;;;;;;;;;;;;;;;;;-5;-4;-3;-2;-1;0;1;2;3;4;5;;;;-5;-4;-3;-2;-1;0;1;2;3;4;5;;;;-5;-4;-3;-2;-1;0;1;2;3;4;5;;;;-5;-4;-3;-2;-1;0;1;2;3;4;5;;;;-5;-4;-3;-2;-1;0;1;2;3;4;5;;;;-5;-4;-3;-2;-1;0;1;2;3;4;5
;;;;;;;;;;;;;;;;;;;;;;;;;;;;h;;;;;;;;;;;;;;h;;;;;;;;;;;;;;h;;;;;;;;;;;;;;h;;;;;;;;;;;;;;h;;;;;;;;;;;;;;h;;;;;
;;;;;;;;;;;;;;;;;;;;;;;;;;;;;;;;;;;;;;;;;;;;;;;;;;;;;;;;;;;;;;;;;;;;;;;;;;;;;;;;;;;;;;;;;;;;;;;;;;;;;;;
;;;;;;;;;;;y'K;;;;;;;;;;;;;;;;;;;;;;;;;;;;;;;;;;;;;;;;;;;;;;;;;;;;;;;;;;;;;;;;;;;;;;;;;;;;;;;;;;;;;;;;;;;;
;;;;;;;y1';1;;;;14;4;;;;;;;;;;;;;;;;;;;;;;;;;;;;;;;;;;;;;;;;;;;;;;;;;;;;;;;;;;;;;;;;;;;;;;;;;;;;;;;;;;;;;;;;;;
;;;;;;;y2';1;;;;12;4;;;;;;;;;;;;;;;;;;;;;;;;;;;;;;;;;;;;;;;;;;;;;;;;;;;;;;;;;;;;;;;;;;;;;;;;;;;;;;;;;;;;;;;;;;
;;;;;;;y3';1;;;;18;5;;;;;;;;;;;;;;;;;;;;;;;;;;;;;;;;;;;;;;;;;;;;;;;;;;;;;;;;;;;;;;;;;;;;;;;;;;;;;;;;;;;;;;;;;;
;;;;;;;y4';-1;;;;2;0;;;;;;;;;;;;;;;;;;;;;;;;;;;;;;;;;;;;;;;;;;;;;;;;;;;;;;;;;;;;;;;;;;;;;;;;;;;;;;;;;;;;;;;;;;
;;;;;;;y5';-1;;;;16;5;;;;;;;;;;;;;;;;;;;;;;;;;;;;;;;;;;;;;;;;;;;;;;;;;;;;;;;;;;;;;;;;;;;;;;;;;;;;;;;;;;;;;;;;;;
;;;;;;;y6';-1;;;;-2;1;;;;;;;;;;;;;;;;;;;;;;;;;;;;;;;;;;;;;;;;;;;;;;;;;;;;;;;;;;;;;;;;;;;;;;;;;;;;;;;;;;;;;;;;;;
;;;;;;;;;;;;1;1;;;;;;;;;;;;;;;;;;;;;;;;;;;;;;;;;;;;;;;;;;;;;;;;;;;;;;;;;;;;;;;;;;;;;;;;;;;;;;;;;;;;;;;;;;
;;;;;;;;;;;;;;;;;;;;;;;;;;;;;;;;;;;;;;;;;;;;;;;;;;;;;;;;;;;;;;;;;;;;;;;;;;;;;;;;;;;;;;;;;;;;;;;;;;;;;;;
;;;;;;;;;;;;;;;;;;;;;y1';y1;1;;;;;;;;;;;;;y2';1;;;;;;;;;;;;;y3';1;;;;;;;;;;;;;y4';-1;;;;;;;;;;;;;y5';-1;;;;;;;;;;;;;y6';-1;;;;;;;;;;
;;;;;;;;;;;;;;;;;;;;;;;y1'K(x1,x');;;;;;;;;;;;;;y2'K(x2,x');;;;;;;;;;;;;;y3'K(x3,x');;;;;;;;;;;;;;y4'K(x4,x');;;;;;;;;;;;;;y5'K(x5,x');;;;;;;;;;;;;;y6'K(x6,x');;;;;;;;;;
;;;;;;;;;;;;;;;;;;;;;;5;10;11;9;13;14;15;16;17;18;19;20;;;5;0;2;2;6;8;10;12;14;16;18;20;;;5;15;16;13;18;19;20;21;22;23;24;25;;;5;10;9;7;7;6;5;4;3;2;1;0;;;5;5;7;6;11;13;15;17;19;21;23;25;;;5;-25;-22;-17;-16;-13;-10;-7;-4;-1;2;5
;;;;;;;;;;;;;;;;;;;;;;4;7;8;6;10;11;12;13;14;15;16;17;;;4;-2;0;0;4;6;8;10;12;14;16;18;;;4;11;12;9;14;15;16;17;18;19;20;21;;;4;9;8;6;6;5;4;3;2;1;0;-1;;;4;2;4;3;8;10;12;14;16;18;20;22;;;4;-23;-20;-15;-14;-11;-8;-5;-2;1;4;7
;;;;;;;;;;;;;;;;;;;;;;3;4;5;3;7;8;9;10;11;12;13;14;;;3;-4;-2;-2;2;4;6;8;10;12;14;16;;;3;7;8;5;10;11;12;13;14;15;16;17;;;3;8;7;5;5;4;3;2;1;0;-1;-2;;;3;-1;1;0;5;7;9;11;13;15;17;19;;;3;-21;-18;-13;-12;-9;-6;-3;0;3;6;9
;;;;;;;;;;;;;;;;;;;;;;2;1;2;0;4;5;6;7;8;9;10;11;;;2;-6;-4;-4;0;2;4;6;8;10;12;14;;;2;3;4;1;6;7;8;9;10;11;12;13;;;2;7;6;4;4;3;2;1;0;-1;-2;-3;;;2;-4;-2;-3;2;4;6;8;10;12;14;16;;;2;-19;-16;-11;-10;-7;-4;-1;2;5;8;11
;;;;;;;;;;;;;;;;;;;;;;1;-2;-1;-3;1;2;3;4;5;6;7;8;;;1;-8;-6;-6;-2;0;2;4;6;8;10;12;;;1;-1;0;-3;2;3;4;5;6;7;8;9;;;1;6;5;3;3;2;1;0;-1;-2;-3;-4;;;1;-7;-5;-6;-1;1;3;5;7;9;11;13;;;1;-17;-14;-9;-8;-5;-2;1;4;7;10;13
;;;;;;;;;;;;;;;;;;;;;v;0;-5;-4;-6;-2;-1;0;1;2;3;4;5;;v;0;-10;-8;-8;-4;-2;0;2;4;6;8;10;;v;0;-5;-4;-7;-2;-1;0;1;2;3;4;5;;v;0;5;4;2;2;1;0;-1;-2;-3;-4;-5;;v;0;-10;-8;-9;-4;-2;0;2;4;6;8;10;;v;0;-15;-12;-7;-6;-3;0;3;6;9;12;15
;;;;;;;;;;;;;;;;;;;;;;-1;-8;-7;-9;-5;-4;-3;-2;-1;0;1;2;;;-1;-12;-10;-10;-6;-4;-2;0;2;4;6;8;;;-1;-9;-8;-11;-6;-5;-4;-3;-2;-1;0;1;;;-1;4;3;1;1;0;-1;-2;-3;-4;-5;-6;;;-1;-13;-11;-12;-7;-5;-3;-1;1;3;5;7;;;-1;-13;-10;-5;-4;-1;2;5;8;11;14;17
;;;;;;;;;;;;;;;;;;;;;;-2;-11;-10;-12;-8;-7;-6;-5;-4;-3;-2;-1;;;-2;-14;-12;-12;-8;-6;-4;-2;0;2;4;6;;;-2;-13;-12;-15;-10;-9;-8;-7;-6;-5;-4;-3;;;-2;3;2;0;0;-1;-2;-3;-4;-5;-6;-7;;;-2;-16;-14;-15;-10;-8;-6;-4;-2;0;2;4;;;-2;-11;-8;-3;-2;1;4;7;10;13;16;19
;;;;;;;;;;;;;;;;;;;;;;-3;-14;-13;-15;-11;-10;-9;-8;-7;-6;-5;-4;;;-3;-16;-14;-14;-10;-8;-6;-4;-2;0;2;4;;;-3;-17;-16;-19;-14;-13;-12;-11;-10;-9;-8;-7;;;-3;2;1;-1;-1;-2;-3;-4;-5;-6;-7;-8;;;-3;-19;-17;-18;-13;-11;-9;-7;-5;-3;-1;1;;;-3;-9;-6;-1;0;3;6;9;12;15;18;21
;;;;;;;;;;;;;;;;;;;;;;-4;-17;-16;-18;-14;-13;-12;-11;-10;-9;-8;-7;;;-4;-18;-16;-16;-12;-10;-8;-6;-4;-2;0;2;;;-4;-21;-20;-23;-18;-17;-16;-15;-14;-13;-12;-11;;;-4;1;0;-2;-2;-3;-4;-5;-6;-7;-8;-9;;;-4;-22;-20;-21;-16;-14;-12;-10;-8;-6;-4;-2;;;-4;-7;-4;1;2;5;8;11;14;17;20;23
;;;;;;;;;;;;;;;;;;;;;;-5;-20;-19;-3;-17;-16;-15;-14;-13;-12;-11;-10;;;-5;-20;-18;-6;-14;-12;-10;-8;-6;-4;-2;0;;;-5;-25;-24;-3;-22;-21;-20;-19;-18;-17;-16;-15;;;-5;0;-1;3;-3;-4;-5;-6;-7;-8;-9;-10;;;-5;-25;-23;-6;-19;-17;-15;-13;-11;-9;-7;-5;;;-5;-5;-2;-9;4;7;10;13;16;19;22;25
;;;;;;;;;;;;;;;;;;;;;;;-5;-4;-3;-2;-1;0;1;2;3;4;5;;;;-5;-4;-3;-2;-1;0;1;2;3;4;5;;;;-5;-4;-3;-2;-1;0;1;2;3;4;5;;;;-5;-4;-3;-2;-1;0;1;2;3;4;5;;;;-5;-4;-3;-2;-1;0;1;2;3;4;5;;;;-5;-4;-3;-2;-1;0;1;2;3;4;5
;;;;;;;;;;;;;;;;;;;;;;;;;;;;h;;;;;;;;;;;;;;h;;;;;;;;;;;;;;h;;;;;;;;;;;;;;h;;;;;;;;;;;;;;h;;;;;;;;;;;;;;h;;;;;
;;;;;;;;;;;;;;;;;;;;;;;;;;;;;;;;;;;;;;;;;;;;;;;;;;;;;;;;;;;;;;;;;;;;;;;;;;;;;;;;;;;;;;;;;;;;;;;;;;;;;;;
;;;;;;;;;;;;;;;;;;;;;;;;;;;;;;;;;;;;;;;;;;;;;;;;;;;;;;;;;;;;;;;;;;;;;;;;;;;;;;;;;;;;;;;;;;;;;;;;;;;;;;;
;;;;;;;;;;;;;;;;;;;;;;;;;;;;;;;;;;;;;;;;;;;;;;;;;;;;;;;;;;;;;;;;;;;;;;;;;;;;;;;;;;;;;;;;;;;;;;;;;;;;;;;
;;;a1;a2;a3;a4;a5;a6;b;;ayK+b;;;;;;;;;;;;a1;a2;a3;a4;a5;a6;b;;;;;;;;;;;;;;;;;;;;;;;;;;;;;;;;;;;;;;;;;;;;;;;;;;;;;;;;;;;;;;;;;;;;;;;;;;
;;;2;1;0;1;0;1;-10;;;30;3;;;;;;;;;;2;1;0;1;0;1;-10;;;;;;;;;;;;;;;;;;;;;;;;;;;;;;;;;;;;;;;;;;;;;;;;;;;;;;;;;;;;;;;;;;;;;;;;;;
;;;a < C;;;;;;;;SIGN;;;;;;;;;;;;;;;;;;;;;;;;;;;;;;;;;;;;;;;;;;;;;;;;;;;;;;;;;;;;;;;;;;;;;;;;;;;;;;;;;;;;;;;;;;;;
;;;;;;;;;;;;1;1;;;;;;;;;;;;;;;;;;;;;;;;;;;;;;;;;;;;;;;;;;;;;;;;;;;;;;;;;;;;;;;;;;;;;;;;;;;;;;;;;;;;;;;;;;
;;;;;;;;;;;;y1';y2';;;;;;;;;;;;;;;;;;;;;;;;;;;;;;;;;;;;;;;;;;;;;;;;;;;;;;;;;;;;;;;;;;;;;;;;;;;;;;;;;;;;;;;;;;
;;;;;;;;;;;;;;;;;;;;;;;ayK(x, x');;;;;;;;;;;;;;;;;;;;;;;;;;;;;;;;;;;;;;;;;;;;;;;;;;;;;;;;;;;;;;;;;;;;;;;;;;;;;;;;
;;;;;;;;;;;;;;;;;;;;;;5;-5;1;0;13;19;25;31;37;43;49;55;;;;;;;;;;;;;;;;;;;;;;;;;;;;;;;;;;;;;;;;;;;;;;;;;;;;;;;;;;;;;;;;;;;;;;
;;;;;;;;;;;;;;;;;;;;;;4;-12;-6;-7;6;12;18;24;30;36;42;48;;;;;;;;;;;;;;;;;;;;;;;;;;;;;;;;;;;;;;;;;;;;;;;;;;;;;;;;;;;;;;;;;;;;;;
;;;;;;;;;;;;;;;;;;;;;;3;-19;-13;-14;-1;5;11;17;23;29;35;41;;;;;;;;;;;;;;;;;;;;;;;;;;;;;;;;;;;;;;;;;;;;;;;;;;;;;;;;;;;;;;;;;;;;;;
;;;;;;;;;;;;;;;;;;;;;;2;-26;-20;-21;-8;-2;4;10;16;22;28;34;;;;;;;;;;;;;;;;;;;;;;;;;;;;;;;;;;;;;;;;;;;;;;;;;;;;;;;;;;;;;;;;;;;;;;
;;;;;;;;;;;;;;;;;;;;;;1;-33;-27;-28;-15;-9;-3;3;9;15;21;27;;;;;;;;;;;;;;;;;;;;;;;;;;;;;;;;;;;;;;;;;;;;;;;;;;;;;;;;;;;;;;;;;;;;;;
;;;;;;;;;;;;;;;;;;;;;x2;0;-40;-34;-35;-22;-16;-10;-4;2;8;14;20;;;;;;;;;;;;;;;;;;;;;;;;;;;;;;;;;;;;;;;;;;;;;;;;;;;;;;;;;;;;;;;;;;;;;;
;;;;;;;;;;;;;;;;;;;;;;-1;-47;-41;-42;-29;-23;-17;-11;-5;1;7;13;;;;;;;;;;;;;;;;;;;;;;;;;;;;;;;;;;;;;;;;;;;;;;;;;;;;;;;;;;;;;;;;;;;;;;
;;;;;;;;;;;;;;;;;;;;;;-2;-54;-48;-49;-36;-30;-24;-18;-12;-6;0;6;;;;;;;;;;;;;;;;;;;;;;;;;;;;;;;;;;;;;;;;;;;;;;;;;;;;;;;;;;;;;;;;;;;;;;
;;;;;;;;;;;;;;;;;;;;;;-3;-61;-55;-56;-43;-37;-31;-25;-19;-13;-7;-1;;;;;;;;;;;;;;;;;;;;;;;;;;;;;;;;;;;;;;;;;;;;;;;;;;;;;;;;;;;;;;;;;;;;;;
;;;;;;;;;;;;;;;;;;;;;;-4;-68;-62;-63;-50;-44;-38;-32;-26;-20;-14;-8;;;;;;;;;;;;;;;;;;;;;;;;;;;;;;;;;;;;;;;;;;;;;;;;;;;;;;;;;;;;;;;;;;;;;;
;;;;;;;;;;;;;;;;;;;;;;-5;-75;-69;-28;-57;-51;-45;-39;-33;-27;-21;-15;;;;;;;;;;;;;;;;;;;;;;;;;;;;;;;;;;;;;;;;;;;;;;;;;;;;;;;;;;;;;;;;;;;;;;
;;;;;;;;;;;;;;;;;;;;;;;-5;-4;-3;-2;-1;0;1;2;3;4;5;;;;;;;;;;;;;;;;;;;;;;;;;;;;;;;;;;;;;;;;;;;;;;;;;;;;;;;;;;;;;;;;;;;;;;
;;;;;;;;;;;;;;;;;;;;;;;;;;;;x1;;;;;;;;;;;;;;;;;;;;;;;;;;;;;;;;;;;;;;;;;;;;;;;;;;;;;;;;;;;;;;;;;;;;;;;;;;;
;;;;;;;;;;;;;;;;;;;;;;;;;;;;;;;;;;;;;;;;;;;;;;;;;;;;;;;;;;;;;;;;;;;;;;;;;;;;;;;;;;;;;;;;;;;;;;;;;;;;;;;
Radial Basis Function (RBF);;;;;;;;;;;;;;;;;;;;;;;;;;;;;;;;;;;;;;;;;;;;;;;;;;;;;;;;;;;;;;;;;;;;;;;;;;;;;;;;;;;;;;;;;;;;;;;;;;;;;;;
;;;;;;;;;;;;;;;;;;;;;;;;;;;;;;;;;;;;;;;;;;;;;;;;;;;;;;;;;;;;;;;;;;;;;;;;;;;;;;;;;;;;;;;;;;;;;;;;;;;;;;;
;;;;;;;;;;;;x1;;;;;;x2;;;;;;;;;;;;;;;;;;;;;;;;;;;;;;;;;;;;;;;;;;;;;;;;;;;;;;;;;;;;;;;;;;;;;;;;;;;;;;;;;;;;;
;;;;;;;;;;;;2;;;;;;1;;;;;;;;;;;;;;;;;;;;;;;;;;;;;;;;;;;;;;;;;;;;;;;;;;;;;;;;;;;;;;;;;;;;;;;;;;;;;;;;;;;;;
;;;;;;;;;;;;4;;;;;;2;;; radial kernel ;;;;;;;;;;;;;;;;;;;;;;;;;;;;;;;;;;;;;;;;;;;;;;;;;;;;;;;;;;;;;;;;;;;;;;;;;;;;;;;;;;
;;;;;;;;;;;;3;;;;;;1;;;;;;;;;;;;;;;;;;;;;;;;;;;;;;;;;;;;;;;;;;;;;;;;;;;;;;;;;;;;;;;;;;;;;;;;;;;;;;;;;;;;;
;;;;;;;;(x' - x)^2;;;;SUM;;(x' - x)^2;;;;SUM;;;;;;;;;;;;;;;;;;;;;;;;;;;;;;;;;;;;;;;;;;;;;;;;;;;;;;;;;;;;;;;;;;;;;;;;;;;;;;;;;;;;;
;;;x1';1;2;1;;1;4;4;;9;;0;0;0;;0;;;;;;;;;;;;;;;;;;;;;;;;;;;;;;;;;;;;;;;;;;;;;;;;;;;;;;;;;;;;;;;;;;;;;;;;;;;;;;;;;;;;;
;;;x2';0;4;3;;4;0;0;;4;;1;4;4;;9;;;;;;;;;;;;;;;;;;;;;;;;;;;;;;;;;;;;;;;;;;;;;;;;;;;;;;;;;;;;;;;;;;;;;;;;;;;;;;;;;;;;;
;;;x3';0;3;0;;4;1;9;;14;;1;1;1;;3;;;;;;;;;;;;;;;;;;;;;;;;;;;;;;;;;;;;;;;;;;;;;;;;;;;;;;;;;;;;;;;;;;;;;;;;;;;;;;;;;;;;;
;;;x4';0;3;1;;4;1;4;;9;;1;1;0;;2;;;;;;;;;;;;;;;;;;;;;;;;;;;;;;;;;;;;;;;;;;;;;;;;;;;;;;;;;;;;;;;;;;;;;;;;;;;;;;;;;;;;;
;;;x5';5;0;3;;9;16;0;;25;;16;4;4;;24;;;;;;;;;;;;;;;;;;;;;;;;;;;;;;;;;;;;;;;;;;;;;;;;;;;;;;;;;;;;;;;;;;;;;;;;;;;;;;;;;;;;;
;;;x6';1;4;3;;1;0;0;;1;;0;4;4;;8;;;;;;;;;;;;;;;;;;;;;;;;;;;;;;;;;;;;;;;;;;;;;;;;;;;;;;;;;;;;;;;;;;;;;;;;;;;;;;;;;;;;;
;;;;;;;;;;;;;;;;;;;;;;;;;;;;;;;;;;;;;;;;;;;;;;;;;;;;;;;;;;;;;;;;;;;;;;;;;;;;;;;;;;;;;;;;;;;;;;;;;;;;;;;
;;;;;;;;;;;;g  ? x' -x ?^2;;;;;;;;;;;;;;;;;;;;;;;;;;;;;;;;;;;;;;;;;;;;;;;;;;;;;;;;;;;;;;;;;;;;;;;;;;;;;;;;;;;;;;;;;;;
;;;;;;;;gamma (g);;0,1;;0,9;;;;;;0;;;;Gaussian:;;;;;;;;;;;;;;;;;;;;;;;;;;;;;;;;;;;;;;;;;;;;;;;;;;;;;;;;;;;;;;;;;;;;;;;;;;;;;;;;;
;;;;;;;;;;;;0,4;;;;;;0,9;;;;;;;;;;;;;;;;;;;;;;;;;;;;;;;;;;;;;;;;;;;;;;;;;;;;;;;;;;;;;;;;;;;;;;;;;;;;;;;;;;;;;
;;;;;;;;;;;;1,4;;;;;;0,3;;;;;;;;;;;;;;;;;;;;;;;;;;;;;;;;;;;;;;;;;;;;;;;;;;;;;;;;;;;;;;;;;;;;;;;;;;;;;;;;;;;;;
;;;;;;;;;;;;0,9;;;;;;0,2;;;;;;;;;;;;;;;;;;;;;;;;;;;;;;;;;;;;;;;;;;;;;;;;;;;;;;;;;;;;;;;;;;;;;;;;;;;;;;;;;;;;;
;;;;;;;;;;;;2,5;;;;;;2,4;;;;;;;;;;;;;;;;;;;;;;;;;;;;;;;;;;;;;;;;;;;;;;;;;;;;;;;;;;;;;;;;;;;;;;;;;;;;;;;;;;;;;
;;;;;;;;;;;;0,1;;;;;;0,8;;;;;;;;;;;;;;;;;;;;;;;;;;;;;;;;;;;;;;;;;;;;;;;;;;;;;;;;;;;;;;;;;;;;;;;;;;;;;;;;;;;;;
;;;;;;;;;;;;;;;;;;;;;;;;;;;;;;;;;;;;;;;;;;;;;;;;;;;;;;;;;;;;;;;;;;;;;;;;;;;;;;;;;;;;;;;;;;;;;;;;;;;;;;;
;;;;;;;;;;;;EXP( - g ? x' -x ?^2);;;;;;;;;;;;;;;;;;;;;;;;;;;;;;;;;;;;;;;;;;;;;;;;;;;;;;;;;;;;;;;;;;;;;;;;;;;;;;;;;;;;;;;;;;;
;;;;;;;;;;;;0,40656966;;;;;;1;;;;;;;;;;;;;;;;;;;;;;;;;;;;;;;;;;;;;;;;;;;;;;;;;;;;;;;;;;;;;;;;;;;;;;;;;;;;;;;;;;;;;
;;;;;;;;;;;;0,670320046;;;;;;0,40656966;;;;;;;;;;;;;;;;;;;;;;;;;;;;;;;;;;;;;;;;;;;;;;;;;;;;;;;;;;;;;;;;;;;;;;;;;;;;;;;;;;;;;
;;;;;;;;;;;;0,246596964;;;;;;0,740818221;;;;;;;;;;;;;;;;;;;;;;;;;;;;;;;;;;;;;;;;;;;;;;;;;;;;;;;;;;;;;;;;;;;;;;;;;;;;;;;;;;;;;
;;;;;;;;;;;;0,40656966;;;;;;0,818730753;;;;;;;;;;;;;;;;;;;;;;;;;;;;;;;;;;;;;;;;;;;;;;;;;;;;;;;;;;;;;;;;;;;;;;;;;;;;;;;;;;;;;
;;;;;;;;;;;;0,082084999;;;;;;0,090717953;;;;;;;;;;;;;;;;;;;;;;;;;;;;;;;;;;;;;;;;;;;;;;;;;;;;;;;;;;;;;;;;;;;;;;;;;;;;;;;;;;;;;
;;;;;;;;;;;;0,904837418;;;;;;0,449328964;;;;;;;;;;;;;;;;;;;;;;;;;;;;;;;;;;;;;;;;;;;;;;;;;;;;;;;;;;;;;;;;;;;;;;;;;;;;;;;;;;;;;
;;;;;;;;;;;;;;;;;;;;;;;;;;;;;;;;;;;;;;;;;;;;;;;;;;;;;;;;;;;;;;;;;;;;;;;;;;;;;;;;;;;;;;;;;;;;;;;;;;;;;;;
;;;;;;;;;;;;y' EXP( - g ? x' -x ?^2);;;;;;;;;;;;;;;;;;;;;;;;;;;;;;;;;;;;;;;;;;;;;;;;;;;;;;;;;;;;;;;;;;;;;;;;;;;;;;;;;;;;;;;;;;;
;;;;;;;;;y1';1;;0,40656966;;;;;;1;;;;;;;;;;;;;;;;;;;;;;;;;;;;;;;;;;;;;;;;;;;;;;;;;;;;;;;;;;;;;;;;;;;;;;;;;;;;;;;;;;;;;
;;;;;;;;;y2';-1;;-0,670320046;;;;;;-0,40656966;;;;;;;;;;;;;;;;;;;;;;;;;;;;;;;;;;;;;;;;;;;;;;;;;;;;;;;;;;;;;;;;;;;;;;;;;;;;;;;;;;;;;
;;;;;;;;;y3';1;;0,246596964;;;;;;0,740818221;;;;;;;;;;;;;;;;;;;;;;;;;;;;;;;;;;;;;;;;;;;;;;;;;;;;;;;;;;;;;;;;;;;;;;;;;;;;;;;;;;;;;
;;;;;;;;;y4';-1;;-0,40656966;;;;;;-0,818730753;;;;;;;;;;;;;;;;;;;;;;;;;;;;;;;;;;;;;;;;;;;;;;;;;;;;;;;;;;;;;;;;;;;;;;;;;;;;;;;;;;;;;
;;;;;;;;;y5';1;;0,082084999;;;;;;0,090717953;;;;;;;;;;;;;;;;;;;;;;;;;;;;;;;;;;;;;;;;;;;;;;;;;;;;;;;;;;;;;;;;;;;;;;;;;;;;;;;;;;;;;
;;;;;;;;;y6';-1;;-0,904837418;;;;;;-0,449328964;;;;;;;;;;;;;;;;;;;;;;;;;;;;;;;;;;;;;;;;;;;;;;;;;;;;;;;;;;;;;;;;;;;;;;;;;;;;;;;;;;;;;
;;;;;;;;;;;;1;;;;;;1;;;;;;;;;;;;;;;;;;;;;;;;;;;;;;;;;;;;;;;;;;;;;;;;;;;;;;;;;;;;;;;;;;;;;;;;;;;;;;;;;;;;;
;;;;;;;;;;;;;;;;;;;;;;;;;;;;;;;;;;;;;;;;;;;;;;;;;;;;;;;;;;;;;;;;;;;;;;;;;;;;;;;;;;;;;;;;;;;;;;;;;;;;;;;
;;;;a1;a2;a3;a4;a5;a6;b;;a 'y K + b;;;;;;;;;;;;;;;;;;;;;;;;;;;;;;;;;;;;;;;;;;;;;;;;;;;;;;;;;;;;;;;;;;;;;;;;;;;;;;;;;;;;;;;;;;;
;;;;2;2;1;1;1;1;1;;-0,510225888;;;;;;1,750337137;;;;;;;;;;;;;;;;;;;;;;;;;;;;;;;;;;;;;;;;;;;;;;;;;;;;;;;;;;;;;;;;;;;;;;;;;;;;;;;;;;;;;
;;;;;;;;;;;SIGN;;;;;;;;;;;;;;;;;;;;;;;;;;;;;;;;;;;;;;;;;;;;;;;;;;;;;;;;;;;;;;;;;;;;;;;;;;;;;;;;;;;;;;;;;;;;
;;;;;;;;;;;;-1;;;;;;1;;;;;;;;;;;;;;;;;;;;;;;;;;;;;;;;;;;;;;;;;;;;;;;;;;;;;;;;;;;;;;;;;;;;;;;;;;;;;;;;;;;;;
;;;;;;;;;;;;y1;;;;;;y2;;;;;;;;;;;;;;;;;;;;;;;;;;;;;;;;;;;;;;;;;;;;;;;;;;;;;;;;;;;;;;;;;;;;;;;;;;;;;;;;;;;;;
;;;;;;;;;;;;;;;;;;;;;;;;;;;;;;;;;;;;;;;;;;;;;;;;;;;;;;;;;;;;;;;;;;;;;;;;;;;;;;;;;;;;;;;;;;;;;;;;;;;;;;;
RBF Kernel and Gaussian Processes;;;;;;;;;;;;;;;;;;;;;;;;;;;;;;;;;;;;;;;;;;;;;;;;;;;;;;;;;;;;;;;;;;;;;;;;;;;;;;;;;;;;;;;;;;;;;;;;;;;;;;;
;;;;;;;;;;;;;;;;;;;;;;;;;;;;;;;;;;;;;;;;;;;;;;;;;;;;;;;;;;;;;;;;;;;;;;;;;;;;;;;;;;;;;;;;;;;;;;;;;;;;;;;
;;;;;;;;;;;;;;;;;;;;;;;;;;;;;;;;;;;;;;;;;;;;;;;;;;;;;;;;;;;;;;;;;;;;;;;;;;;;;;;;;;;;;;;;;;;;;;;;;;;;;;;
;;;;;;;;;;;;x1;x2;;;;;;;;;;;;;;;;;;;;;;;;;;;;;;;;;;;;;;;;;;;;;;;;;;;;;;;;;;;;;;;;;;;;;;;;;;;;;;;;;;;;;;;;;;
;;;;;;;;;;;h;2;1;;;;;;;;;;;;;;;;;;;;;;;;;;;;;;;;;;;;;;;;;;;;;;;;;;;;;;;;;;;;;;;;;;;;;;;;;;;;;;;;;;;;;;;;;;
;;;;gamma (g) ** -1;;0,1;;;;;v;4;2;;;;;;;;;;;;;;;;;;;;;;;;;;;;;;;;;;;;;;;;;;;;;;;;;;;;;;;;;;;;;;;;;;;;;;;;;;;;;;;;;;;;;;;;;;
;;;;sigme;;1;;;;;z;3;1;;;;;;;;;;;;;;;I;;;;;;;;;;transpose of our traing data;;;;;;;;;;;k(x,x), training Covariance Matrix;;;;;;;;;;;k**(x1,2);;;;;;;;;K*TK-1y;;;;;;;;;-K*TK-1yK*;;;;Predict the Variance ;;;;;;;;;;;;;;;;;;;;;
;;;;;;;;h';v';z';;K*(x', x) = RBF(x', x);;;;;;;;;;;;;;;;1;0;0;0;0;0;0;;;;x1';x1';x1';x1';x1';x1';;;;;;;;;;;;;;;;;;;;;;;;;;;;;;;;;;;;;;;;;;;;;;;;;;;;;;;;;;;;
;;;;;;;x1';1;2;1;;0,40656966;1;;;;;;;;;;;;;;;0;1;0;0;0;0;0;;;h';1;0;0;0;5;1;;;;;;1;0,40656966;0,740818221;0,818730753;0,090717953;0,449328964;;;;;;1;0,40656966;;;;;;;;1,60871296;1,993092005;1,464600228;1,867602829;0,179409781;2,00270321;;;;4,937387674;5,949258351;;;-3,937387674;-5,542688691;;;;;;;;;;;;;;;;;;;;
;;;;;;;x2';0;4;3;;0,670320046;0,40656966;;;;;;;;;;;;;;;0;0;1;0;0;0;0;;;v';2;4;3;3;0;4;;;;;;0,40656966;1;0,367879441;0,60653066;0,016572675;0,904837418;;;;;;0,40656966;1;;;;;;;;2,594656835;1,990370172;2,522896894;2,803086784;0,234866039;1,966206094;;;;5,949258351;8,472642214;;;-5,542688691;-7,472642214;;;;;;;;;;;;;;;;;;;;
;;;;;;;x3';0;3;0;;0,246596964;0,740818221;;;;;;;;;;;;;;;0;0;0;1;0;0;0;;;z';1;3;0;1;3;3;;;;;;0,740818221;0,367879441;1;0,904837418;0,013568559;0,332871084;;;;;;;;;;;;;;;;;;;;;;;;;;;;;;;;;;;;;;;;;;;;;;;;;
;;;;;;;x4';0;3;1;;0,40656966;0,818730753;;;;;;;;;;;;;;;0;0;0;0;1;0;0;;;;;;;;;;;;;;;0,818730753;0,60653066;0,904837418;1;0,022370772;0,548811636;;;;;;;;;;;;;;;;;;;;;;;;;;;;;;;;;;;;;;;;;;;;;;;;;
;;;;;;;x5';5;0;3;;0,082084999;0,090717953;;;;;;;;;;;;;;;0;0;0;0;0;1;0;;;;Test transpose;;;;;;;;;;;0,090717953;0,016572675;0,013568559;0,022370772;1;0,040762204;;;;;;;;;;;;;;;;;;;;;;;;;;;;;;;;;;;;;;;;;;;;;;;;;
;;;;;;;x6';1;4;3;;0,904837418;0,449328964;;;;;;;;;;sigma;;;;;0;0;0;0;0;0;1;;;;2;4;3;;;;;;;;;0,449328964;0,904837418;0,332871084;0,548811636;0,040762204;1;;;;;;;;;;;;;;;;;;;;;;;;;;;;;;;;;;;;;;;;;;;;;;;;;
;;;;;;;;;;;;;;;;;;;;;;;0,01;;;;;;;;;;;;;;;1;2;1;;;;;;;;;;;;;;;;;;;;;;;;;;;;;;;;;;;;;;;;;;;;;;;;;;;;;;;;;;;;;;;
;;;;;;;;;;;y'K;;;;;;;;;;;;;;;;;;;;;;;;;;;;;;;;;;;;;;ky = K + sign**2I;;;;;;;;;;K_y?¹ · y;;;;;;;;;;;;;;;;;;;;;;;;;;;;;;;;;;;;;;;;;;;;
;;;;;;;;;y1';1;;0,40656966;1;;;;;;;;;;;;y1';0,2;;;;;;;;;;;;Transpose of K*(x', x);;;;;;;;;;;1,0001;0,40656966;0,740818221;0,818730753;0,090717953;0,449328964;;;;;1,814863869;;;;;;;;;;;;;;;;;;;;;;;;;;;;;;;;;;;;;;;;;;;;
;;;;;;;;;y2';-1;;-0,670320046;-0,40656966;;;;;;;;;;;;y2';0,5;;;;;;;;;;;;0,40656966;0,670320046;0,246596964;0,40656966;0,082084999;0,904837418;;;;;;0,40656966;1,0001;0,367879441;0,60653066;0,016572675;0,904837418;;;;;1,40497472;;;;;;;;;;;;;;;;;;;;;;;;;;;;;;;;;;;;;;;;;;;;
;;;;;;;;;y3';1;;0,246596964;0,740818221;;;;;;;;;;;;y3';0,9;;;;;;;;;;;;1;0,40656966;0,740818221;0,818730753;0,090717953;0,449328964;;;;;;0,740818221;0,367879441;1,0001;0,904837418;0,013568559;0,332871084;;;;;1,83959061;;;;;;4,369903314;;;;;;;;;;;;;;;;;;;;;;;;;;;;;;;;;;;;;;
;;;;;;;;;y4';-1;;-0,40656966;-0,818730753;;;;;;;;;;;;y4';0,6;;;;;;;;;;;;;;;;;;;;;;;0,818730753;0,60653066;0,904837418;1,0001;0,022370772;0,548811636;;;;;1,987759096;;;;;;6,203388227;;;;;;;;;;;;;;;;;;;;;;;;;;;;;;;;;;;;;;
;;;;;;;;;y5';1;;0,082084999;0,090717953;;;;;;;;;;;;y5';2,3;;;;;;;;;;;;;;;;;;;;;;;0,090717953;0,016572675;0,013568559;0,022370772;1,0001;0,040762204;;;;;2,356370315;;;;;;;;;;;;;;;;;;;;;;;;;;;;;;;;;;;;;;;;;;;;
;;;;;;;;;y6';-1;;-0,904837418;-0,449328964;;;;;;;;;;;;y6';0,1;;;;;;;;;;;;;;;;;;;;;;;0,449328964;0,904837418;0,332871084;0,548811636;0,040762204;1,0001;;;;;1,364918528;;;;;;;;;;;;;;;;;;;;;;;;;;;;;;;;;;;;;;;;;;;;
;;;;;;;;;;;;1;1;;;;;;;;;;;;;;;;;;;;;;;;;;;;;;;;;;;;;;;;;;;;;;;;;;;;;;;;;;;;;;;;;;;;;;;;;;;;;;;;;;;;;;;;;;
;;;;;;;;;;;;;;;;;;;;;;;;;;;;;;;;;;;;;;;;;;;;;;;;;;;;;;;;;;;;;;;;;;;;;;;;;;;;;;;;;;;;;;;;;;;;;;;;;;;;;;;
;;;;a1;a2;a3;a4;a5;a6;b;;a 'y K + b;;;;;;;;;;;;;;;;;;;;;;;;;;;;;;;;;;;;;;;;;;;;;;;;;;;;;;;;;;;;;;;;;;;;;;;;;;;;;;;;;;;;;;;;;;;
;;;;2;2;1;1;1;1;1;;-0,510225888;1,750337137;;;;;;;;;;;;;;;;;;;;;;;;;;;;;;;;;;;;;;;;;;;;;;;;;;;;;;;;;;;;;;;;;;;;;;;;;;;;;;;;;;;;;;;;;;
;;;;;;;;;;;SIGN;;;;;;;;;;;;;;;;;;;;;;;;;;;;;;;;;;;;;;;;;;;;;;;;;;;;;;;;;;;;;;;;;;;;;;;;;;;;;;;;;;;;;;;;;;;;
;;;;;;;;;;;;-1;1;;;;;;;;;;;;;;;;;;;;;;;;;;;;;;;;;;;;;;;;;;;;;;;;;;;;;;;;;;;;;;;;;;;;;;;;;;;;;;;;;;;;;;;;;;
;;;;;;;;;;;;y1;;;;;;;;;;;;;;;;;;;;;;;;;;;;;;;;;;;;;;;;;;;;;;;;;;;;;;;;;;;;;;;;;;;;;;;;;;;;;;;;;;;;;;;;;;;
;;;;;;;;;;;;;;;;;;;;;;;;;;;;;;;;;;;;;;;;;;;;;;;;;;;;;;;;;;;;;;;;;;;;;;;;;;;;;;;;;;;;;;;;;;;;;;;;;;;;;;;
;;;;;;;;;;;;;;;;;;;;;;;;;;;;;;;;;;;;;;;;;;;;;;;;;;;;;;;;;;;;;;;;;;;;;;;;;;;;;;;;;;;;;;;;;;;;;;;;;;;;;;;
Visualize (RBF);;;;;;;;;;;;;;;;;;;;;;;;;;;;;;;;;;;;;;;;;;;;;;;;;;;;;;;;;;;;;;;;;;;;;;;;;;;;;;;;;;;;;;;;;;;;;;;;;;;;;;;
;;;;;;;;;;;;;;;;;;;;;;;;;;;;;;;;;;;;;;;;;;;;;;;;;;;;;;;;;;;;;;;;;;;;;;;;;;;;;;;;;;;;;;;;;;;;;;;;;;;;;;;
;;;;;;;;;;;;;;X;x1;x2;;;;;;;;;;;;;;;;;;;;;;;;;;;;;;;;;;;;;;;;;;;;;;;;;;;;;;;;;;;;;;;;;;;;;;;;;;;;;;;;;;;;;;;
;;;;;;;;;;;;;;h;2;1;;;;;;;;;;;;;;;;;;;;;;;;;;;;;;;;;;;;;;;;;;;;;;;;;;;;;;;;;;;;;;;;;;;;;;;;;;;;;;;;;;;;;;;
;;;;;;;;;;;;;;v;4;1;;;;;;;H;;;;;;;;;;;;;;V;;5;;;;;;;;;;;;;;;;;;;;;;;;;;;;;;;;;;;;;;;;;;;;;;;;;;;;;;;;;;;;;;;;
;;;;;;;;;;;;;;;;;;;;;;5;-5;-4;-3;-2;-1;0;1;2;3;4;5;;;5;5;5;4;5;5;5;5;5;5;5;5;;;;;;;;;;;;;;;;;;;;;;;;;;;;;;;;;;;;;;;;;;;;;;;;;;;;;;;;
;;;;;;;;;;;;;;;;;;;;;;4;-5;-4;-3;-2;-1;0;1;2;3;4;5;;;4;4;4;3;4;4;4;4;4;4;4;4;;;;;;;;;;;;;;;;;;;;;;;;;;;;;;;;;;;;;;;;;;;;;;;;;;;;;;;;
;;;;;;;;;;;;;;;;;;;;;;3;-5;-4;-3;-2;-1;0;1;2;3;4;5;;;3;3;3;2;3;3;3;3;3;3;3;3;;;;;;;;;;;;;;;;;;;;;;;;;;;;;;;;;;;;;;;;;;;;;;;;;;;;;;;;
;;;;;;;;;;;;;;;;;;;;;;2;-5;-4;-3;-2;-1;0;1;2;3;4;5;;;2;2;2;1;2;2;2;2;2;2;2;2;;;;;;;;;;;;;;;;;;;;;;;;;;;;;;;;;;;;;;;;;;;;;;;;;;;;;;;;
;;;;;;;;;;;;;;;;;;;;;;1;-5;-4;-3;-2;-1;0;1;2;3;4;5;;;1;1;1;0;1;1;1;1;1;1;1;1;;;;;;;;;;;;;;;;;;;;;;;;;;;;;;;;;;;;;;;;;;;;;;;;;;;;;;;;
;;;;;;;;;;;;;;;;;;;;;v;0;-5;-4;-3;-2;-1;0;1;2;3;4;5;;v;0;0;0;-1;0;0;0;0;0;0;0;0;;;;;;;;;;;;;;;;;;;;;;;;;;;;;;;;;;;;;;;;;;;;;;;;;;;;;;;;
;;;;;;;;;;;;;;;;;;;;;;-1;-5;-4;-3;-2;-1;0;1;2;3;4;5;;;-1;-1;-1;-2;-1;-1;-1;-1;-1;-1;-1;-1;;;;;;;;;;;;;;;;;;;;;;;;;;;;;;;;;;;;;;;;;;;;;;;;;;;;;;;;
;;;;;;;;;;;;;;;;;;;;;;-2;-5;-4;-3;-2;-1;0;1;2;3;4;5;;;-2;-2;-2;-3;-2;-2;-2;-2;-2;-2;-2;-2;;;;;;;;;;;;;;;;;;;;;;;;;;;;;;;;;;;;;;;;;;;;;;;;;;;;;;;;
;;;;;;;;;;;;;;;;;;;;;;-3;-5;-4;-3;-2;-1;0;1;2;3;4;5;;;-3;-3;-3;-4;-3;-3;-3;-3;-3;-3;-3;-3;;;;;;;;;;;;;;;;;;;;;;;;;;;;;;;;;;;;;;;;;;;;;;;;;;;;;;;;
;;;;;;;;;;;;;;;;;;;;;;-4;-5;-4;-3;-2;-1;0;1;2;3;4;5;;;-4;-4;-4;-5;-4;-4;-4;-4;-4;-4;-4;-4;;;;;;;;;;;;;;;;;;;;;;;;;;;;;;;;;;;;;;;;;;;;;;;;;;;;;;;;
;;;;;;;;;;;;;;;;;;;;;;-5;-5;-4;-3;-2;-1;0;1;2;3;4;5;;;-5;-5;-5;;-5;-5;-5;-5;-5;-5;-5;-5;;;;;;;;;;;;;;;;;;;;;;;;;;;;;;;;;;;;;;;;;;;;;;;;;;;;;;;;
;;;;;;;;;;;;;;;;;;;;;;;-5;-4;-3;-2;-1;0;1;2;3;4;5;;;;-5;-4;-3;-2;-1;0;1;2;3;4;5;;;;;;;;;;;;;;;;;;;;;;;;;;;;;;;;;;;;;;;;;;;;;;;;;;;;;;;;
;;;;;;;;;;;;;;;;;;;;;;;;;;;;h;;;;;;;;;;;;;;h;;;;;;;;;;;;;;;;;;;;;;;;;;;;;;;;;;;;;;;;;;;;;;;;;;;;;;;;;;;;;
;;;;;;;;;;;;;;;;;;;;;;;;;;;;;;;;;;;;;;;;;;;;;;;;;;;;;;;;;;;;;;;;;;;;;;;;;;;;;;;;;;;;;;;;;;;;;;;;;;;;;;;
;;;;;;;;;;;;;;;;;;;;;;;;;;;;;;;;;;;;;;;;;;;;;;;;;;;;;;;;;;;;;;;;;;;;;;;;;;;;;;;;;;;;;;;;;;;;;;;;;;;;;;;
;;;;;;;;;;;h';v';;K(x', x) = (h' - h)^2 + (v' - v)^2;;;;;;;;;;;;;;;;;;;;;;;;;;;;;;;;;;;;;;;;;;;;;;;;;;;;;;;;;;;;;;;;;;;;;;;;;;;;;;;;;;;;;;;;;
;;;;;;;;;;x1';0;3;;;5;5;;;;;;;;;;;;;;;;;;;;;;;;;;;;;;;;;;;;;;;;;;;;;;;;;;;;;;;;;;;;;;;;;;;;;;;;;;;;;;;;;;;;;;;
;;;;;;;;;;x2';2;2;;;4;2;;;;;;;;;;;;;;;;;;;;;;;;;;;;;;;;;;;;;;;;;;;;;;;;;;;;;;;;;;;;;;;;;;;;;;;;;;;;;;;;;;;;;;;
;;;;;;;;;;x3';1;4;;;1;9;;;;;;;;;;;;;;;;;;;;;;;;;;;;;;;;;;;;;;;;;;;;;;;;;;;;;;;;;;;;;;;;;;;;;;;;;;;;;;;;;;;;;;;
;;;;;;;;;;x4';1;-1;;;26;4;;;;;;;;;;;;;;;;;;;;;;;;;;;;;;;;;;;;;;;;;;;;;;;;;;;;;;;;;;;;;;;;;;;;;;;;;;;;;;;;;;;;;;;
;;;;;;;;;;x5';-2;-3;;;65;25;;;;;;;;;;;;;;;;;;;;;;;;;;;;;;;;;;;;;;;;;;;;;;;;;;;;;;;;;;;;;;;;;;;;;;;;;;;;;;;;;;;;;;;
;;;;;;;;;;x6';-3;2;;;29;17;;;;;;;;;;;;;;;;;;;;;;;;;;;;;;;;;;;;;;;;;;;;;;;;;;;;;;;;;;;;;;;;;;;;;;;;;;;;;;;;;;;;;;;
;;;;;;;;;;;;;;;;;;;;;;;h';v';;;;;;;;;;;;;h';v';;;;;;;;;;;;;h';v';;;;;;;;;;;;;h';v';;;;;;;;;;;;;h';v';;;;;;;;;;;;;h';v';;;;;;;;;
;;;;;;;;;;;;;;;;;;;;;;x1';0;3;;;;;;;;;;;;x2';2;2;;;;;;;;;;;;x3';1;4;;;;;;;;;;;;x4';1;-1;;;;;;;;;;;;x5';-2;-3;;;;;;;;;;;;x6';-3;2;;;;;;;;;
;;;;;;;;;;;;;;;;;;;;;;;;;;;;;;;;;;;;;K(x2',x');;;;;;;;;;;;;;K(x3',x');;;;;;;;;;;;;;K(x4',x');;;;;;;;;;;;;;K(x5',x');;;;;;;;;;;;;;K(x6',x');;;;;;;;;;
;;;;;;;;;;;;;;;;;;;;;;5;29;20;10;8;5;4;5;8;13;20;29;;;5;58;45;29;25;18;13;10;9;10;13;18;;;5;37;26;16;10;5;2;1;2;5;10;17;;;5;72;61;41;45;40;37;36;37;40;45;52;;;5;73;68;50;64;65;68;73;80;89;100;113;;;5;13;10;4;10;13;18;25;34;45;58;73
;;;;;;;;;;;;;;;;;;;;;;4;26;17;9;5;2;1;2;5;10;17;26;;;4;53;40;26;20;13;8;5;4;5;8;13;;;4;36;25;17;9;4;1;0;1;4;9;16;;;4;61;50;32;34;29;26;25;26;29;34;41;;;4;58;53;37;49;50;53;58;65;74;85;98;;;4;8;5;1;5;8;13;20;29;40;53;68
;;;;;;;;;;;;;;;;;;;;;;3;25;16;10;4;1;0;1;4;9;16;25;;;3;50;37;25;17;10;5;2;1;2;5;10;;;3;37;26;20;10;5;2;1;2;5;10;17;;;3;52;41;25;25;20;17;16;17;20;25;32;;;3;45;40;26;36;37;40;45;52;61;72;85;;;3;5;2;0;2;5;10;17;26;37;50;65
;;;;;;;;;;;;;;;;;;;;;;2;26;17;13;5;2;1;2;5;10;17;26;;;2;49;36;26;16;9;4;1;0;1;4;9;;;2;40;29;25;13;8;5;4;5;8;13;20;;;2;45;34;20;18;13;10;9;10;13;18;25;;;2;34;29;17;25;26;29;34;41;50;61;74;;;2;4;1;1;1;4;9;16;25;36;49;64
;;;;;;;;;;;;;;;;;;;;;;1;29;20;18;8;5;4;5;8;13;20;29;;;1;50;37;29;17;10;5;2;1;2;5;10;;;1;45;34;32;18;13;10;9;10;13;18;25;;;1;40;29;17;13;8;5;4;5;8;13;20;;;1;25;20;10;16;17;20;25;32;41;52;65;;;1;5;2;4;2;5;10;17;26;37;50;65
;;;;;;;;;;;;;;;;;;;;;v;0;34;25;25;13;10;9;10;13;18;25;34;;v;0;53;40;34;20;13;8;5;4;5;8;13;;v;0;52;41;41;25;20;17;16;17;20;25;32;;v;0;37;26;16;10;5;2;1;2;5;10;17;;v;0;18;13;5;9;10;13;18;25;34;45;58;;v;0;8;5;9;5;8;13;20;29;40;53;68
;;;;;;;;;;;;;;;;;;;;;;-1;41;32;34;20;17;16;17;20;25;32;41;;;-1;58;45;41;25;18;13;10;9;10;13;18;;;-1;61;50;52;34;29;26;25;26;29;34;41;;;-1;36;25;17;9;4;1;0;1;4;9;16;;;-1;13;8;2;4;5;8;13;20;29;40;53;;;-1;13;10;16;10;13;18;25;34;45;58;73
;;;;;;;;;;;;;;;;;;;;;;-2;50;41;45;29;26;25;26;29;34;41;50;;;-2;65;52;50;32;25;20;17;16;17;20;25;;;-2;72;61;65;45;40;37;36;37;40;45;52;;;-2;37;26;20;10;5;2;1;2;5;10;17;;;-2;10;5;1;1;2;5;10;17;26;37;50;;;-2;20;17;25;17;20;25;32;41;52;65;80
;;;;;;;;;;;;;;;;;;;;;;-3;61;52;58;40;37;36;37;40;45;52;61;;;-3;74;61;61;41;34;29;26;25;26;29;34;;;-3;85;74;80;58;53;50;49;50;53;58;65;;;-3;40;29;25;13;8;5;4;5;8;13;20;;;-3;9;4;2;0;1;4;9;16;25;36;49;;;-3;29;26;36;26;29;34;41;50;61;74;89
;;;;;;;;;;;;;;;;;;;;;;-4;74;65;73;53;50;49;50;53;58;65;74;;;-4;85;72;74;52;45;40;37;36;37;40;45;;;-4;100;89;97;73;68;65;64;65;68;73;80;;;-4;45;34;32;18;13;10;9;10;13;18;25;;;-4;10;5;5;1;2;5;10;17;26;37;50;;;-4;40;37;49;37;40;45;52;61;72;85;100
;;;;;;;;;;;;;;;;;;;;;;-5;89;80;18;68;65;64;65;68;73;80;89;;;-5;98;85;29;65;58;53;50;49;50;53;58;;;-5;117;106;32;90;85;82;81;82;85;90;97;;;-5;52;41;17;25;20;17;16;17;20;25;32;;;-5;13;8;10;4;5;8;13;20;29;40;53;;;-5;53;50;4;50;53;58;65;74;85;98;113
;;;;;;;;;;;;;;;;;;;;;;;-5;-4;-3;-2;-1;0;1;2;3;4;5;;;;-5;-4;-3;-2;-1;0;1;2;3;4;5;;;;-5;-4;-3;-2;-1;0;1;2;3;4;5;;;;-5;-4;-3;-2;-1;0;1;2;3;4;5;;;;-5;-4;-3;-2;-1;0;1;2;3;4;5;;;;-5;-4;-3;-2;-1;0;1;2;3;4;5
;;;;;;;;;;;;;;;;;;;;;;;;;;;;;;;;;;;;;;;;;;;;;;;;;;;;;;;;;;;;;;;;;;;;;;;;;;;;;;;;;;;;;;;;;;;;;;;;;;;;;;;
;;;;;;;;;;;;;;;;;;;;;;;;;;;;;;;;;;;;;;;;;;;;;;;;;;;;;;;;;;;;;;;;;;;;;;;;;;;;;;;;;;;;;;;;;;;;;;;;;;;;;;;
;;;;;;;;;;gamma (g);;0,1;;;0,5;0,5;;;;;;5;2,9;2;1;0,8;0,5;0,4;0,5;0,8;1,3;2;2,9;;;5;5,8;4,5;2,9;2,5;1,8;1,3;1;0,9;1;1,3;1,8;;;5;3,7;2,6;1,6;1;0,5;0,2;0,1;0,2;0,5;1;1,7;;;5;7,2;6,1;4,1;4,5;4;3,7;3,6;3,7;4;4,5;5,2;;;5;7,3;6,8;5;6,4;6,5;6,8;7,3;8;8,9;10;11,3;;;5;1,3;1;0,4;1;1,3;1,8;2,5;3,4;4,5;5,8;7,3
;;;;;;;;;;;;;;;0,4;0,2;;;;;;4;2,6;1,7;0,9;0,5;0,2;0,1;0,2;0,5;1;1,7;2,6;;;4;5,3;4;2,6;2;1,3;0,8;0,5;0,4;0,5;0,8;1,3;;;4;3,6;2,5;1,7;0,9;0,4;0,1;0;0,1;0,4;0,9;1,6;;;4;6,1;5;3,2;3,4;2,9;2,6;2,5;2,6;2,9;3,4;4,1;;;4;5,8;5,3;3,7;4,9;5;5,3;5,8;6,5;7,4;8,5;9,8;;;4;0,8;0,5;0,1;0,5;0,8;1,3;2;2,9;4;5,3;6,8
;;;;;;;;;;;;;;;0,1;0,9;;;;;;3;2,5;1,6;1;0,4;0,1;0;0,1;0,4;0,9;1,6;2,5;;;3;5;3,7;2,5;1,7;1;0,5;0,2;0,1;0,2;0,5;1;;;3;3,7;2,6;2;1;0,5;0,2;0,1;0,2;0,5;1;1,7;;;3;5,2;4,1;2,5;2,5;2;1,7;1,6;1,7;2;2,5;3,2;;;3;4,5;4;2,6;3,6;3,7;4;4,5;5,2;6,1;7,2;8,5;;;3;0,5;0,2;0;0,2;0,5;1;1,7;2,6;3,7;5;6,5
;;;;;;;;;;;;;;;2,6;0,4;;;;;;2;2,6;1,7;1,3;0,5;0,2;0,1;0,2;0,5;1;1,7;2,6;;;2;4,9;3,6;2,6;1,6;0,9;0,4;0,1;0;0,1;0,4;0,9;;;2;4;2,9;2,5;1,3;0,8;0,5;0,4;0,5;0,8;1,3;2;;;2;4,5;3,4;2;1,8;1,3;1;0,9;1;1,3;1,8;2,5;;;2;3,4;2,9;1,7;2,5;2,6;2,9;3,4;4,1;5;6,1;7,4;;;2;0,4;0,1;0,1;0,1;0,4;0,9;1,6;2,5;3,6;4,9;6,4
;;;;;;;;;;;;;;;6,5;2,5;;;;;;1;2,9;2;1,8;0,8;0,5;0,4;0,5;0,8;1,3;2;2,9;;;1;5;3,7;2,9;1,7;1;0,5;0,2;0,1;0,2;0,5;1;;;1;4,5;3,4;3,2;1,8;1,3;1;0,9;1;1,3;1,8;2,5;;;1;4;2,9;1,7;1,3;0,8;0,5;0,4;0,5;0,8;1,3;2;;;1;2,5;2;1;1,6;1,7;2;2,5;3,2;4,1;5,2;6,5;;;1;0,5;0,2;0,4;0,2;0,5;1;1,7;2,6;3,7;5;6,5
;;;;;;;;;;;;;;;2,9;1,7;;;;;v;0;3,4;2,5;2,5;1,3;1;0,9;1;1,3;1,8;2,5;3,4;;v;0;5,3;4;3,4;2;1,3;0,8;0,5;0,4;0,5;0,8;1,3;;v;0;5,2;4,1;4,1;2,5;2;1,7;1,6;1,7;2;2,5;3,2;;v;0;3,7;2,6;1,6;1;0,5;0,2;0,1;0,2;0,5;1;1,7;;v;0;1,8;1,3;0,5;0,9;1;1,3;1,8;2,5;3,4;4,5;5,8;;v;0;0,8;0,5;0,9;0,5;0,8;1,3;2;2,9;4;5,3;6,8
;;;;;;;;;;;;;;;;;;;;;;-1;4,1;3,2;3,4;2;1,7;1,6;1,7;2;2,5;3,2;4,1;;;-1;5,8;4,5;4,1;2,5;1,8;1,3;1;0,9;1;1,3;1,8;;;-1;6,1;5;5,2;3,4;2,9;2,6;2,5;2,6;2,9;3,4;4,1;;;-1;3,6;2,5;1,7;0,9;0,4;0,1;0;0,1;0,4;0,9;1,6;;;-1;1,3;0,8;0,2;0,4;0,5;0,8;1,3;2;2,9;4;5,3;;;-1;1,3;1;1,6;1;1,3;1,8;2,5;3,4;4,5;5,8;7,3
;;;;;;;;;;;;;;;;;;;;;;-2;5;4,1;4,5;2,9;2,6;2,5;2,6;2,9;3,4;4,1;5;;;-2;6,5;5,2;5;3,2;2,5;2;1,7;1,6;1,7;2;2,5;;;-2;7,2;6,1;6,5;4,5;4;3,7;3,6;3,7;4;4,5;5,2;;;-2;3,7;2,6;2;1;0,5;0,2;0,1;0,2;0,5;1;1,7;;;-2;1;0,5;0,1;0,1;0,2;0,5;1;1,7;2,6;3,7;5;;;-2;2;1,7;2,5;1,7;2;2,5;3,2;4,1;5,2;6,5;8
;;;;;;;;;;;;;;;;;;;;;;-3;6,1;5,2;5,8;4;3,7;3,6;3,7;4;4,5;5,2;6,1;;;-3;7,4;6,1;6,1;4,1;3,4;2,9;2,6;2,5;2,6;2,9;3,4;;;-3;8,5;7,4;8;5,8;5,3;5;4,9;5;5,3;5,8;6,5;;;-3;4;2,9;2,5;1,3;0,8;0,5;0,4;0,5;0,8;1,3;2;;;-3;0,9;0,4;0,2;0;0,1;0,4;0,9;1,6;2,5;3,6;4,9;;;-3;2,9;2,6;3,6;2,6;2,9;3,4;4,1;5;6,1;7,4;8,9
;;;;;;;;;;;;;;;;;;;;;;-4;7,4;6,5;7,3;5,3;5;4,9;5;5,3;5,8;6,5;7,4;;;-4;8,5;7,2;7,4;5,2;4,5;4;3,7;3,6;3,7;4;4,5;;;-4;10;8,9;9,7;7,3;6,8;6,5;6,4;6,5;6,8;7,3;8;;;-4;4,5;3,4;3,2;1,8;1,3;1;0,9;1;1,3;1,8;2,5;;;-4;1;0,5;0,5;0,1;0,2;0,5;1;1,7;2,6;3,7;5;;;-4;4;3,7;4,9;3,7;4;4,5;5,2;6,1;7,2;8,5;10
;;;;;;;;;;;;;;;;;;;;;;-5;8,9;8;1,8;6,8;6,5;6,4;6,5;6,8;7,3;8;8,9;;;-5;9,8;8,5;2,9;6,5;5,8;5,3;5;4,9;5;5,3;5,8;;;-5;11,7;10,6;3,2;9;8,5;8,2;8,1;8,2;8,5;9;9,7;;;-5;5,2;4,1;1,7;2,5;2;1,7;1,6;1,7;2;2,5;3,2;;;-5;1,3;0,8;1;0,4;0,5;0,8;1,3;2;2,9;4;5,3;;;-5;5,3;5;0,4;5;5,3;5,8;6,5;7,4;8,5;9,8;11,3
;;;;;;;;;;;;;;;;;;;;;;;-5;-4;-3;-2;-1;0;1;2;3;4;5;;;;-5;-4;-3;-2;-1;0;1;2;3;4;5;;;;-5;-4;-3;-2;-1;0;1;2;3;4;5;;;;-5;-4;-3;-2;-1;0;1;2;3;4;5;;;;-5;-4;-3;-2;-1;0;1;2;3;4;5;;;;-5;-4;-3;-2;-1;0;1;2;3;4;5
;;;;;;;;;;;;;;;;;;;;;;;;;;;;;;;;;;;;;;;;;;;;;;;;;;;;;;;;;;;;;;;;;;;;;;;;;;;;;;;;;;;;;;;;;;;;;;;;;;;;;;;
;;;;;;;;;;;;;;;;;;;;;;;K(x1',X);;;;;;;;;;;;;;K(x2',X);;;;;;;;;;;;;;K(x3',X);;;;;;;;;;;;;;K(x4',X);;;;;;;;;;;;;;K(x5',X);;;;;;;;;;;;;;K(x6',X);;;;;;;;;;
;;;;;;;;;;EXP(-);;;;;0,60653066;0,60653066;;;;;;5;0,05502322;0,135335283;0,367879441;0,449328964;0,60653066;0,670320046;0,60653066;0,449328964;0,272531793;0,135335283;0,05502322;;;5;0,003027555;0,011108997;0,05502322;0,082084999;0,165298888;0,272531793;0,367879441;0,40656966;0,367879441;0,272531793;0,165298888;;;5;0,024723526;0,074273578;0,201896518;0,367879441;0,60653066;0,818730753;0,904837418;0,818730753;0,60653066;0,367879441;0,182683524;;;5;0,000746586;0,002242868;0,016572675;0,011108997;0,018315639;0,024723526;0,027323722;0,024723526;0,018315639;0,011108997;0,005516564;;;5;0,000675539;0,001113775;0,006737947;0,001661557;0,001503439;0,001113775;0,000675539;0,000335463;0,000136389;4,53999E-05;1,23729E-05;;;5;0,272531793;0,367879441;0,670320046;0,367879441;0,272531793;0,165298888;0,082084999;0,03337327;0,011108997;0,003027555;0,000675539
;;;;;;;;;;;;;;;0,670320046;0,818730753;;;;;;4;0,074273578;0,182683524;0,40656966;0,60653066;0,818730753;0,904837418;0,818730753;0,60653066;0,367879441;0,182683524;0,074273578;;;4;0,004991594;0,018315639;0,074273578;0,135335283;0,272531793;0,449328964;0,60653066;0,670320046;0,60653066;0,449328964;0,272531793;;;4;0,027323722;0,082084999;0,182683524;0,40656966;0,670320046;0,904837418;1;0,904837418;0,670320046;0,40656966;0,201896518;;;4;0,002242868;0,006737947;0,040762204;0,03337327;0,05502322;0,074273578;0,082084999;0,074273578;0,05502322;0,03337327;0,016572675;;;4;0,003027555;0,004991594;0,024723526;0,007446583;0,006737947;0,004991594;0,003027555;0,001503439;0,000611253;0,000203468;5,54516E-05;;;4;0,449328964;0,60653066;0,904837418;0,60653066;0,449328964;0,272531793;0,135335283;0,05502322;0,018315639;0,004991594;0,001113775
;;;;;;;;;;;;;;;0,904837418;0,40656966;;;;;;3;0,082084999;0,201896518;0,367879441;0,670320046;0,904837418;1;0,904837418;0,670320046;0,40656966;0,201896518;0,082084999;;;3;0,006737947;0,024723526;0,082084999;0,182683524;0,367879441;0,60653066;0,818730753;0,904837418;0,818730753;0,60653066;0,367879441;;;3;0,024723526;0,074273578;0,135335283;0,367879441;0,60653066;0,818730753;0,904837418;0,818730753;0,60653066;0,367879441;0,182683524;;;3;0,005516564;0,016572675;0,082084999;0,082084999;0,135335283;0,182683524;0,201896518;0,182683524;0,135335283;0,082084999;0,040762204;;;3;0,011108997;0,018315639;0,074273578;0,027323722;0,024723526;0,018315639;0,011108997;0,005516564;0,002242868;0,000746586;0,000203468;;;3;0,60653066;0,818730753;1;0,818730753;0,60653066;0,367879441;0,182683524;0,074273578;0,024723526;0,006737947;0,001503439
;;;;;;;;;;;;;;;0,074273578;0,670320046;;;;;;2;0,074273578;0,182683524;0,272531793;0,60653066;0,818730753;0,904837418;0,818730753;0,60653066;0,367879441;0,182683524;0,074273578;;;2;0,007446583;0,027323722;0,074273578;0,201896518;0,40656966;0,670320046;0,904837418;1;0,904837418;0,670320046;0,40656966;;;2;0,018315639;0,05502322;0,082084999;0,272531793;0,449328964;0,60653066;0,670320046;0,60653066;0,449328964;0,272531793;0,135335283;;;2;0,011108997;0,03337327;0,135335283;0,165298888;0,272531793;0,367879441;0,40656966;0,367879441;0,272531793;0,165298888;0,082084999;;;2;0,03337327;0,05502322;0,182683524;0,082084999;0,074273578;0,05502322;0,03337327;0,016572675;0,006737947;0,002242868;0,000611253;;;2;0,670320046;0,904837418;0,904837418;0,904837418;0,670320046;0,40656966;0,201896518;0,082084999;0,027323722;0,007446583;0,001661557
;;;;;;;;;;;;;;;0,001503439;0,082084999;;;;;;1;0,05502322;0,135335283;0,165298888;0,449328964;0,60653066;0,670320046;0,60653066;0,449328964;0,272531793;0,135335283;0,05502322;;;1;0,006737947;0,024723526;0,05502322;0,182683524;0,367879441;0,60653066;0,818730753;0,904837418;0,818730753;0,60653066;0,367879441;;;1;0,011108997;0,03337327;0,040762204;0,165298888;0,272531793;0,367879441;0,40656966;0,367879441;0,272531793;0,165298888;0,082084999;;;1;0,018315639;0,05502322;0,182683524;0,272531793;0,449328964;0,60653066;0,670320046;0,60653066;0,449328964;0,272531793;0,135335283;;;1;0,082084999;0,135335283;0,367879441;0,201896518;0,182683524;0,135335283;0,082084999;0,040762204;0,016572675;0,005516564;0,001503439;;;1;0,60653066;0,818730753;0,670320046;0,818730753;0,60653066;0,367879441;0,182683524;0,074273578;0,024723526;0,006737947;0,001503439
;;;;;;;;;;;;;;;0,05502322;0,182683524;;;;;v;0;0,03337327;0,082084999;0,082084999;0,272531793;0,367879441;0,40656966;0,367879441;0,272531793;0,165298888;0,082084999;0,03337327;;v;0;0,004991594;0,018315639;0,03337327;0,135335283;0,272531793;0,449328964;0,60653066;0,670320046;0,60653066;0,449328964;0,272531793;;v;0;0,005516564;0,016572675;0,016572675;0,082084999;0,135335283;0,182683524;0,201896518;0,182683524;0,135335283;0,082084999;0,040762204;;v;0;0,024723526;0,074273578;0,201896518;0,367879441;0,60653066;0,818730753;0,904837418;0,818730753;0,60653066;0,367879441;0,182683524;;v;0;0,165298888;0,272531793;0,60653066;0,40656966;0,367879441;0,272531793;0,165298888;0,082084999;0,03337327;0,011108997;0,003027555;;v;0;0,449328964;0,60653066;0,40656966;0,60653066;0,449328964;0,272531793;0,135335283;0,05502322;0,018315639;0,004991594;0,001113775
;;;;;;;;;;;;;;;;;;;;;;-1;0,016572675;0,040762204;0,03337327;0,135335283;0,182683524;0,201896518;0,182683524;0,135335283;0,082084999;0,040762204;0,016572675;;;-1;0,003027555;0,011108997;0,016572675;0,082084999;0,165298888;0,272531793;0,367879441;0,40656966;0,367879441;0,272531793;0,165298888;;;-1;0,002242868;0,006737947;0,005516564;0,03337327;0,05502322;0,074273578;0,082084999;0,074273578;0,05502322;0,03337327;0,016572675;;;-1;0,027323722;0,082084999;0,182683524;0,40656966;0,670320046;0,904837418;1;0,904837418;0,670320046;0,40656966;0,201896518;;;-1;0,272531793;0,449328964;0,818730753;0,670320046;0,60653066;0,449328964;0,272531793;0,135335283;0,05502322;0,018315639;0,004991594;;;-1;0,272531793;0,367879441;0,201896518;0,367879441;0,272531793;0,165298888;0,082084999;0,03337327;0,011108997;0,003027555;0,000675539
;;;;;;;;;;;;;;;;;;;;;;-2;0,006737947;0,016572675;0,011108997;0,05502322;0,074273578;0,082084999;0,074273578;0,05502322;0,03337327;0,016572675;0,006737947;;;-2;0,001503439;0,005516564;0,006737947;0,040762204;0,082084999;0,135335283;0,182683524;0,201896518;0,182683524;0,135335283;0,082084999;;;-2;0,000746586;0,002242868;0,001503439;0,011108997;0,018315639;0,024723526;0,027323722;0,024723526;0,018315639;0,011108997;0,005516564;;;-2;0,024723526;0,074273578;0,135335283;0,367879441;0,60653066;0,818730753;0,904837418;0,818730753;0,60653066;0,367879441;0,182683524;;;-2;0,367879441;0,60653066;0,904837418;0,904837418;0,818730753;0,60653066;0,367879441;0,182683524;0,074273578;0,024723526;0,006737947;;;-2;0,135335283;0,182683524;0,082084999;0,182683524;0,135335283;0,082084999;0,040762204;0,016572675;0,005516564;0,001503439;0,000335463
;;;;;;;;;;;;;;;;;;;;;;-3;0,002242868;0,005516564;0,003027555;0,018315639;0,024723526;0,027323722;0,024723526;0,018315639;0,011108997;0,005516564;0,002242868;;;-3;0,000611253;0,002242868;0,002242868;0,016572675;0,03337327;0,05502322;0,074273578;0,082084999;0,074273578;0,05502322;0,03337327;;;-3;0,000203468;0,000611253;0,000335463;0,003027555;0,004991594;0,006737947;0,007446583;0,006737947;0,004991594;0,003027555;0,001503439;;;-3;0,018315639;0,05502322;0,082084999;0,272531793;0,449328964;0,60653066;0,670320046;0,60653066;0,449328964;0,272531793;0,135335283;;;-3;0,40656966;0,670320046;0,818730753;1;0,904837418;0,670320046;0,40656966;0,201896518;0,082084999;0,027323722;0,007446583;;;-3;0,05502322;0,074273578;0,027323722;0,074273578;0,05502322;0,03337327;0,016572675;0,006737947;0,002242868;0,000611253;0,000136389
;;;;;;;;;;;;;;;;;;;;;;-4;0,000611253;0,001503439;0,000675539;0,004991594;0,006737947;0,007446583;0,006737947;0,004991594;0,003027555;0,001503439;0,000611253;;;-4;0,000203468;0,000746586;0,000611253;0,005516564;0,011108997;0,018315639;0,024723526;0,027323722;0,024723526;0,018315639;0,011108997;;;-4;4,53999E-05;0,000136389;6,12835E-05;0,000675539;0,001113775;0,001503439;0,001661557;0,001503439;0,001113775;0,000675539;0,000335463;;;-4;0,011108997;0,03337327;0,040762204;0,165298888;0,272531793;0,367879441;0,40656966;0,367879441;0,272531793;0,165298888;0,082084999;;;-4;0,367879441;0,60653066;0,60653066;0,904837418;0,818730753;0,60653066;0,367879441;0,182683524;0,074273578;0,024723526;0,006737947;;;-4;0,018315639;0,024723526;0,007446583;0,024723526;0,018315639;0,011108997;0,005516564;0,002242868;0,000746586;0,000203468;4,53999E-05
;;;;;;;;;;;;;;;;;;;;;;-5;0,000136389;0,000335463;0,165298888;0,001113775;0,001503439;0,001661557;0,001503439;0,001113775;0,000675539;0,000335463;0,000136389;;;-5;5,54516E-05;0,000203468;0,05502322;0,001503439;0,003027555;0,004991594;0,006737947;0,007446583;0,006737947;0,004991594;0,003027555;;;-5;8,29382E-06;2,4916E-05;0,040762204;0,00012341;0,000203468;0,000274654;0,000303539;0,000274654;0,000203468;0,00012341;6,12835E-05;;;-5;0,005516564;0,016572675;0,182683524;0,082084999;0,135335283;0,182683524;0,201896518;0,182683524;0,135335283;0,082084999;0,040762204;;;-5;0,272531793;0,449328964;0,367879441;0,670320046;0,60653066;0,449328964;0,272531793;0,135335283;0,05502322;0,018315639;0,004991594;;;-5;0,004991594;0,006737947;0,670320046;0,006737947;0,004991594;0,003027555;0,001503439;0,000611253;0,000203468;5,54516E-05;1,23729E-05
;;;;;;;;;;;;;;;;;;;;;;;-5;-4;-3;-2;-1;0;1;2;3;4;5;;;;-5;-4;-3;-2;-1;0;1;2;3;4;5;;;;-5;-4;-3;-2;-1;0;1;2;3;4;5;;;;-5;-4;-3;-2;-1;0;1;2;3;4;5;;;;-5;-4;-3;-2;-1;0;1;2;3;4;5;;;;-5;-4;-3;-2;-1;0;1;2;3;4;5
;;;;;;;;;;;;;;;;;;;;;;;;;;;;;;;;;;;;;;;;;;;;;;;;;;;;;;;;;;;;;;;;;;;;;;;;;;;;;;;;;;;;;;;;;;;;;;;;;;;;;;;
;;;;;;;;;;;;;;;;;;;;;;;;;;;;;;;;;;;;;;;;;;;;;;;;;;;;;;;;;;;;;;;;;;;;;;;;;;;;;;;;;;;;;;;;;;;;;;;;;;;;;;;
;;;;;;;;;;;;;;;;;;;;;;;;;;;;;;;;;;;;;;;;;;;;;;;;;;;;;;;;;;;;;;;;;;;;;;;;;;;;;;;;;;;;;;;;;;;;;;;;;;;;;;;
;;;;;;;;;;y1';1;;;;0,60653066;0,60653066;;;;;;;;;;;;;;;;;;;;;;;;;;;;;;;;;;;;;;;;;;;;;;;;;;;;;;;;;;;;;;;;;;;;;;;;;;;;;;;;;;;;;;;
;;;;;;;;;;y2';1;;;;0,670320046;0,818730753;;;;;;;;;;;;;;;;;;;;;;;;;;;;;;;;;;;;;;;;;;;;;;;;;;;;;;;;;;;;;;;;;;;;;;;;;;;;;;;;;;;;;;;
;;;;;;;;;;y3';1;;;;0,904837418;0,40656966;;;;;;;;;;;;;;;;;;;;;;;;;;;;;;;;;;;;;;;;;;;;;;;;;;;;;;;;;;;;;;;;;;;;;;;;;;;;;;;;;;;;;;;
;;;;;;;;;;y4';-1;;;;-0,074273578;-0,670320046;;;;;;;;;;;;;;;;;;;;;;;;;;;;;;;;;;;;;;;;;;;;;;;;;;;;;;;;;;;;;;;;;;;;;;;;;;;;;;;;;;;;;;;
;;;;;;;;;;y5';-1;;;;-0,001503439;-0,082084999;;;;;;;;;;;;;;;;;;;;;;;;;;;;;;;;;;;;;;;;;;;;;;;;;;;;;;;;;;;;;;;;;;;;;;;;;;;;;;;;;;;;;;;
;;;;;;;;;;y6';-1;;;;-0,05502322;-0,182683524;;;;;;;y1';1;;;;;;;;;;;;;y2';1;;;;;;;;;;;;;y3';1;;;;;;;;;;;;;y4';-1;;;;;;;;;;;;;y5';-1;;;;;;;;;;;;;y6';-1;;;;;;;;;
;;;;;;;;;;;;;;;1;1;;;;;;;;;;;;h;;;;;;;;;;;;;;h;;;;;;;;;;;;;;h;;;;;;;;;;;;;;h;;;;;;;;;;;;;;h;;;;;;;;;;;;;;h;;;;;
;;;;;;;;;;;;;;;;;;;;;;5;0,05502322;0,135335283;0,367879441;0,449328964;0,60653066;0,670320046;0,60653066;0,449328964;0,272531793;0,135335283;0,05502322;;;5;0,003027555;0,011108997;0,05502322;0,082084999;0,165298888;0,272531793;0,367879441;0,40656966;0,367879441;0,272531793;0,165298888;;;5;0,024723526;0,074273578;0,201896518;0,367879441;0,60653066;0,818730753;0,904837418;0,818730753;0,60653066;0,367879441;0,182683524;;;5;-0,000746586;-0,002242868;-0,016572675;-0,011108997;-0,018315639;-0,024723526;-0,027323722;-0,024723526;-0,018315639;-0,011108997;-0,005516564;;;5;-0,000675539;-0,001113775;-0,006737947;-0,001661557;-0,001503439;-0,001113775;-0,000675539;-0,000335463;-0,000136389;-4,53999E-05;-1,23729E-05;;;5;-0,272531793;-0,367879441;-0,670320046;-0,367879441;-0,272531793;-0,165298888;-0,082084999;-0,03337327;-0,011108997;-0,003027555;-0,000675539
;;;;;;;;;;;;;;;;;;;;;;4;0,074273578;0,182683524;0,40656966;0,60653066;0,818730753;0,904837418;0,818730753;0,60653066;0,367879441;0,182683524;0,074273578;;;4;0,004991594;0,018315639;0,074273578;0,135335283;0,272531793;0,449328964;0,60653066;0,670320046;0,60653066;0,449328964;0,272531793;;;4;0,027323722;0,082084999;0,182683524;0,40656966;0,670320046;0,904837418;1;0,904837418;0,670320046;0,40656966;0,201896518;;;4;-0,002242868;-0,006737947;-0,040762204;-0,03337327;-0,05502322;-0,074273578;-0,082084999;-0,074273578;-0,05502322;-0,03337327;-0,016572675;;;4;-0,003027555;-0,004991594;-0,024723526;-0,007446583;-0,006737947;-0,004991594;-0,003027555;-0,001503439;-0,000611253;-0,000203468;-5,54516E-05;;;4;-0,449328964;-0,60653066;-0,904837418;-0,60653066;-0,449328964;-0,272531793;-0,135335283;-0,05502322;-0,018315639;-0,004991594;-0,001113775
;;;;;;;;;;;;;;;;;;;;;;3;0,082084999;0,201896518;0,367879441;0,670320046;0,904837418;1;0,904837418;0,670320046;0,40656966;0,201896518;0,082084999;;;3;0,006737947;0,024723526;0,082084999;0,182683524;0,367879441;0,60653066;0,818730753;0,904837418;0,818730753;0,60653066;0,367879441;;;3;0,024723526;0,074273578;0,135335283;0,367879441;0,60653066;0,818730753;0,904837418;0,818730753;0,60653066;0,367879441;0,182683524;;;3;-0,005516564;-0,016572675;-0,082084999;-0,082084999;-0,135335283;-0,182683524;-0,201896518;-0,182683524;-0,135335283;-0,082084999;-0,040762204;;;3;-0,011108997;-0,018315639;-0,074273578;-0,027323722;-0,024723526;-0,018315639;-0,011108997;-0,005516564;-0,002242868;-0,000746586;-0,000203468;;;3;-0,60653066;-0,818730753;-1;-0,818730753;-0,60653066;-0,367879441;-0,182683524;-0,074273578;-0,024723526;-0,006737947;-0,001503439
;;;;;;;;;;;;;;;;;;;;;;2;0,074273578;0,182683524;0,272531793;0,60653066;0,818730753;0,904837418;0,818730753;0,60653066;0,367879441;0,182683524;0,074273578;;;2;0,007446583;0,027323722;0,074273578;0,201896518;0,40656966;0,670320046;0,904837418;1;0,904837418;0,670320046;0,40656966;;;2;0,018315639;0,05502322;0,082084999;0,272531793;0,449328964;0,60653066;0,670320046;0,60653066;0,449328964;0,272531793;0,135335283;;;2;-0,011108997;-0,03337327;-0,135335283;-0,165298888;-0,272531793;-0,367879441;-0,40656966;-0,367879441;-0,272531793;-0,165298888;-0,082084999;;;2;-0,03337327;-0,05502322;-0,182683524;-0,082084999;-0,074273578;-0,05502322;-0,03337327;-0,016572675;-0,006737947;-0,002242868;-0,000611253;;;2;-0,670320046;-0,904837418;-0,904837418;-0,904837418;-0,670320046;-0,40656966;-0,201896518;-0,082084999;-0,027323722;-0,007446583;-0,001661557
;;;;;;;;;;;;;;;;;;;;;;1;0,05502322;0,135335283;0,165298888;0,449328964;0,60653066;0,670320046;0,60653066;0,449328964;0,272531793;0,135335283;0,05502322;;;1;0,006737947;0,024723526;0,05502322;0,182683524;0,367879441;0,60653066;0,818730753;0,904837418;0,818730753;0,60653066;0,367879441;;;1;0,011108997;0,03337327;0,040762204;0,165298888;0,272531793;0,367879441;0,40656966;0,367879441;0,272531793;0,165298888;0,082084999;;;1;-0,018315639;-0,05502322;-0,182683524;-0,272531793;-0,449328964;-0,60653066;-0,670320046;-0,60653066;-0,449328964;-0,272531793;-0,135335283;;;1;-0,082084999;-0,135335283;-0,367879441;-0,201896518;-0,182683524;-0,135335283;-0,082084999;-0,040762204;-0,016572675;-0,005516564;-0,001503439;;;1;-0,60653066;-0,818730753;-0,670320046;-0,818730753;-0,60653066;-0,367879441;-0,182683524;-0,074273578;-0,024723526;-0,006737947;-0,001503439
;;;;;;;;;;;;;;;;;;;;;v;0;0,03337327;0,082084999;0,082084999;0,272531793;0,367879441;0,40656966;0,367879441;0,272531793;0,165298888;0,082084999;0,03337327;;v;0;0,004991594;0,018315639;0,03337327;0,135335283;0,272531793;0,449328964;0,60653066;0,670320046;0,60653066;0,449328964;0,272531793;;v;0;0,005516564;0,016572675;0,016572675;0,082084999;0,135335283;0,182683524;0,201896518;0,182683524;0,135335283;0,082084999;0,040762204;;v;0;-0,024723526;-0,074273578;-0,201896518;-0,367879441;-0,60653066;-0,818730753;-0,904837418;-0,818730753;-0,60653066;-0,367879441;-0,182683524;;v;0;-0,165298888;-0,272531793;-0,60653066;-0,40656966;-0,367879441;-0,272531793;-0,165298888;-0,082084999;-0,03337327;-0,011108997;-0,003027555;;v;0;-0,449328964;-0,60653066;-0,40656966;-0,60653066;-0,449328964;-0,272531793;-0,135335283;-0,05502322;-0,018315639;-0,004991594;-0,001113775
;;;;;;;;;;;;;;;;;;;;;;-1;0,016572675;0,040762204;0,03337327;0,135335283;0,182683524;0,201896518;0,182683524;0,135335283;0,082084999;0,040762204;0,016572675;;;-1;0,003027555;0,011108997;0,016572675;0,082084999;0,165298888;0,272531793;0,367879441;0,40656966;0,367879441;0,272531793;0,165298888;;;-1;0,002242868;0,006737947;0,005516564;0,03337327;0,05502322;0,074273578;0,082084999;0,074273578;0,05502322;0,03337327;0,016572675;;;-1;-0,027323722;-0,082084999;-0,182683524;-0,40656966;-0,670320046;-0,904837418;-1;-0,904837418;-0,670320046;-0,40656966;-0,201896518;;;-1;-0,272531793;-0,449328964;-0,818730753;-0,670320046;-0,60653066;-0,449328964;-0,272531793;-0,135335283;-0,05502322;-0,018315639;-0,004991594;;;-1;-0,272531793;-0,367879441;-0,201896518;-0,367879441;-0,272531793;-0,165298888;-0,082084999;-0,03337327;-0,011108997;-0,003027555;-0,000675539
;;;;;;;;;;;;;;;;;;;;;;-2;0,006737947;0,016572675;0,011108997;0,05502322;0,074273578;0,082084999;0,074273578;0,05502322;0,03337327;0,016572675;0,006737947;;;-2;0,001503439;0,005516564;0,006737947;0,040762204;0,082084999;0,135335283;0,182683524;0,201896518;0,182683524;0,135335283;0,082084999;;;-2;0,000746586;0,002242868;0,001503439;0,011108997;0,018315639;0,024723526;0,027323722;0,024723526;0,018315639;0,011108997;0,005516564;;;-2;-0,024723526;-0,074273578;-0,135335283;-0,367879441;-0,60653066;-0,818730753;-0,904837418;-0,818730753;-0,60653066;-0,367879441;-0,182683524;;;-2;-0,367879441;-0,60653066;-0,904837418;-0,904837418;-0,818730753;-0,60653066;-0,367879441;-0,182683524;-0,074273578;-0,024723526;-0,006737947;;;-2;-0,135335283;-0,182683524;-0,082084999;-0,182683524;-0,135335283;-0,082084999;-0,040762204;-0,016572675;-0,005516564;-0,001503439;-0,000335463
;;;;;;;;;;;;;;;;;;;;;;-3;0,002242868;0,005516564;0,003027555;0,018315639;0,024723526;0,027323722;0,024723526;0,018315639;0,011108997;0,005516564;0,002242868;;;-3;0,000611253;0,002242868;0,002242868;0,016572675;0,03337327;0,05502322;0,074273578;0,082084999;0,074273578;0,05502322;0,03337327;;;-3;0,000203468;0,000611253;0,000335463;0,003027555;0,004991594;0,006737947;0,007446583;0,006737947;0,004991594;0,003027555;0,001503439;;;-3;-0,018315639;-0,05502322;-0,082084999;-0,272531793;-0,449328964;-0,60653066;-0,670320046;-0,60653066;-0,449328964;-0,272531793;-0,135335283;;;-3;-0,40656966;-0,670320046;-0,818730753;-1;-0,904837418;-0,670320046;-0,40656966;-0,201896518;-0,082084999;-0,027323722;-0,007446583;;;-3;-0,05502322;-0,074273578;-0,027323722;-0,074273578;-0,05502322;-0,03337327;-0,016572675;-0,006737947;-0,002242868;-0,000611253;-0,000136389
;;;;;;;;;;;;;;;;;;;;;;-4;0,000611253;0,001503439;0,000675539;0,004991594;0,006737947;0,007446583;0,006737947;0,004991594;0,003027555;0,001503439;0,000611253;;;-4;0,000203468;0,000746586;0,000611253;0,005516564;0,011108997;0,018315639;0,024723526;0,027323722;0,024723526;0,018315639;0,011108997;;;-4;4,53999E-05;0,000136389;6,12835E-05;0,000675539;0,001113775;0,001503439;0,001661557;0,001503439;0,001113775;0,000675539;0,000335463;;;-4;-0,011108997;-0,03337327;-0,040762204;-0,165298888;-0,272531793;-0,367879441;-0,40656966;-0,367879441;-0,272531793;-0,165298888;-0,082084999;;;-4;-0,367879441;-0,60653066;-0,60653066;-0,904837418;-0,818730753;-0,60653066;-0,367879441;-0,182683524;-0,074273578;-0,024723526;-0,006737947;;;-4;-0,018315639;-0,024723526;-0,007446583;-0,024723526;-0,018315639;-0,011108997;-0,005516564;-0,002242868;-0,000746586;-0,000203468;-4,53999E-05
;;;;;;;;;;;;;;;;;;;;;;-5;0,000136389;0,000335463;0,165298888;0,001113775;0,001503439;0,001661557;0,001503439;0,001113775;0,000675539;0,000335463;0,000136389;;;-5;5,54516E-05;0,000203468;0,05502322;0,001503439;0,003027555;0,004991594;0,006737947;0,007446583;0,006737947;0,004991594;0,003027555;;;-5;8,29382E-06;2,4916E-05;0,040762204;0,00012341;0,000203468;0,000274654;0,000303539;0,000274654;0,000203468;0,00012341;6,12835E-05;;;-5;-0,005516564;-0,016572675;-0,182683524;-0,082084999;-0,135335283;-0,182683524;-0,201896518;-0,182683524;-0,135335283;-0,082084999;-0,040762204;;;-5;-0,272531793;-0,449328964;-0,367879441;-0,670320046;-0,60653066;-0,449328964;-0,272531793;-0,135335283;-0,05502322;-0,018315639;-0,004991594;;;-5;-0,004991594;-0,006737947;-0,670320046;-0,006737947;-0,004991594;-0,003027555;-0,001503439;-0,000611253;-0,000203468;-5,54516E-05;-1,23729E-05
;;;;;;;;;;;;;;;;;;;;;;;-5;-4;-3;-2;-1;0;1;2;3;4;5;;;;-5;-4;-3;-2;-1;0;1;2;3;4;5;;;;-5;-4;-3;-2;-1;0;1;2;3;4;5;;;;-5;-4;-3;-2;-1;0;1;2;3;4;5;;;;-5;-4;-3;-2;-1;0;1;2;3;4;5;;;;-5;-4;-3;-2;-1;0;1;2;3;4;5
;;;;;;;;;;;;;;;;;;;;;;;;;;;;h;;;;;;;;;;;;;;h;;;;;;;;;;;;;;h;;;;;;;;;;;;;;h;;;;;;;;;;;;;;h;;;;;;;;;;;;;;h;;;;;
;;;;;;;;;;;;;;;;;;;;;;;;;;;;;;;;;;;;;;;;;;;;;;;;;;;;;;;;;;;;;;;;;;;;;;;;;;;;;;;;;;;;;;;;;;;;;;;;;;;;;;;
;;;;;;;;;;;;;;;;;;;;;;;;;;;;;;;;;;;;;;;;;;;;;;;;;;;;;;;;;;;;;;;;;;;;;;;;;;;;;;;;;;;;;;;;;;;;;;;;;;;;;;;
;;;;;;;;;;;;;;;;;;;;;;;;;;;;;;;;;;;;;;;;;;;;;;;;;;;;;;;;;;;;;;;;;;;;;;;;;;;;;;;;;;;;;;;;;;;;;;;;;;;;;;;
;;;;;;;;;;;;;;;;;;;;;;;;;;;;;;;;;;;;;;;;;;;;;;;;;;;;;;;;;;;;;;;;;;;;;;;;;;;;;;;;;;;;;;;;;;;;;;;;;;;;;;;
;;;;;;;;;;;;;;;;;;;;;;;;;;;;;;;;;;;;;;;;;;;;;;;;;;;;;;;;;;;;;;;;;;;;;;;;;;;;;;;;;;;;;;;;;;;;;;;;;;;;;;;
;;;;;;;;;;;;;;;;;;;;;;;;;;;;;;;;;;;;;;;;;;;;;;;;;;;;;;;;;;;;;;;;;;;;;;;;;;;;;;;;;;;;;;;;;;;;;;;;;;;;;;;
;;;;;;;a1;a2;a3;a4;a5;a6;b;;;;;;;;;;a1;a2;a3;a4;a5;a6;b;;;;;;;;;;;;;;;;;;;;;;;;;;;;;;;;;;;;;;;;;;;;;;;;;;;;;;;;;;;;;;;;;;;;;;;;;;
;;;;;;;2;1;0;1;0;1;2;;3,754084567;3,178788502;;;;;;;2;1;0;1;0;1;2;;;;;;;;;;;;;;;;;;;;;;;;;;;;;;;;;;;;;;;;;;;;;;;;;;;;;;;;;;;;;;;;;;;;;;;;;;
;;;;;;;;;;;;;;;;;;;;;;;;;;;;;;;;;;;;;;;;;;;;;;;;;;;;;;;;;;;;;;;;;;;;;;;;;;;;;;;;;;;;;;;;;;;;;;;;;;;;;;;
;;;;;;;;;;;;;;;;;;;;;;5;-0,160204384;-0,088342746;0,103889381;0,601754489;1,087512776;1,42314947;1,47153204;1,247130792;0,883518392;0,529065808;0,269153225;;;;;;;;;;;;;;;;;;;;;;;;;;;;;;;;;;;;;;;;;;;;;;;;;;;;;;;;;;;;;;;;;;;;;;
;;;;;;;;;;;;;;;;;;;;;;4;-0,298033082;-0,22958592;-0,058186724;0,708492673;1,405641115;1,912198429;2,026571884;1,754084567;1,268950683;0,776331148;0,403392499;;;;;;;;;;;;;;;;;;;;;;;;;;;;;;;;;;;;;;;;;;;;;;;;;;;;;;;;;;;;;;;;;;;;;;
;;;;;;;;;;;;;;;;;;;;;;3;-0,44113928;-0,406786866;-0,264241118;0,622507864;1,435688334;2,055967694;2,243825547;1,988520408;1,471811263;0,92150075;0,489783795;;;;;;;;;;;;;;;;;;;;;;;;;;;;;;;;;;;;;;;;;;;;;;;;;;;;;;;;;;;;;;;;;;;;;;
;;;;;;;;;;;;;;;;;;;;;;2;-0,525435303;-0,545519917;-0,420835537;0,344821531;1,101179327;1,705545781;1,933832746;1,76309688;1,340740785;0,862941623;0,47137026;;;;;;;;;;;;;;;;;;;;;;;;;;;;;;;;;;;;;;;;;;;;;;;;;;;;;;;;;;;;;;;;;;;;;;
;;;;;;;;;;;;;;;;;;;;;;1;-0,508061911;-0,57835988;-0,467382574;-0,009921094;0,525081137;0,972760651;1,178788502;1,122691108;0,889741849;0,597931486;0,341087159;;;;;;;;;;;;;;;;;;;;;;;;;;;;;;;;;;;;;;;;;;;;;;;;;;;;;;;;;;;;;;;;;;;;;;
;;;;;;;;;;;;;;;;;;;;;x2;0;-0,402314357;-0,498318602;-0,410922911;-0,294011232;-0,047568948;0,171205737;0,302116841;0,341629659;0,312282138;0,240627926;0,155481034;;;;;;;;;;;;;;;;;;;;;;;;;;;;;;;;;;;;;;;;;;;;;;;;;;;;;;;;;;;;;;;;;;;;;;
;;;;;;;;;;;;;;;;;;;;;;-1;-0,26368261;-0,357331035;-0,301260827;-0,421693536;-0,412185903;-0,393811477;-0,348838509;-0,260970462;-0,149379604;-0,055541013;-0,004127818;;;;;;;;;;;;;;;;;;;;;;;;;;;;;;;;;;;;;;;;;;;;;;;;;;;;;;;;;;;;;;;;;;;;;;
;;;;;;;;;;;;;;;;;;;;;;-2;-0,145079477;-0,218295187;-0,188464342;-0,399754321;-0,511233788;-0,601310471;-0,614368942;-0,52336047;-0,36261716;-0,200902246;-0,087458094;;;;;;;;;;;;;;;;;;;;;;;;;;;;;;;;;;;;;;;;;;;;;;;;;;;;;;;;;;;;;;;;;;;;;;
;;;;;;;;;;;;;;;;;;;;;;-3;-0,068241871;-0,116020802;-0,101110744;-0,293601418;-0,421531861;-0,530233265;-0,56317209;-0,49455233;-0,355080261;-0,207086697;-0,097612667;;;;;;;;;;;;;;;;;;;;;;;;;;;;;;;;;;;;;;;;;;;;;;;;;;;;;;;;;;;;;;;;;;;;;;
;;;;;;;;;;;;;;;;;;;;;;-4;-0,027998662;-0,054343332;-0,046246457;-0,174522662;-0,266262541;-0,345779633;-0,373886804;-0,332815399;-0,242499743;-0,144179839;-0,069798896;;;;;;;;;;;;;;;;;;;;;;;;;;;;;;;;;;;;;;;;;;;;;;;;;;;;;;;;;;;;;;;;;;;;;;
;;;;;;;;;;;;;;;;;;;;;;-5;-0,010179929;-0,022436229;-0,467382574;-0,085091956;-0,134292444;-0,17739637;-0,193655132;-0,173620643;-0,127449727;-0,076477931;-0,037474244;;;;;;;;;;;;;;;;;;;;;;;;;;;;;;;;;;;;;;;;;;;;;;;;;;;;;;;;;;;;;;;;;;;;;;
;;;;;;;;;;;;;;;;;;;;;;;-5;-4;-3;-2;-1;0;1;2;3;4;5;;;;;;;;;;;;;;;;;;;;;;;;;;;;;;;;;;;;;;;;;;;;;;;;;;;;;;;;;;;;;;;;;;;;;;
;;;;;;;;;;;;;;;;;;;;;;;;;;;;x1;;;;;;;;;;;;;;;;;;;;;;;;;;;;;;;;;;;;;;;;;;;;;;;;;;;;;;;;;;;;;;;;;;;;;;;;;;;
